,ann_to_longer,ann_to_shorter,announcements,as_path_avg,as_path_max,class,dups,edit_distance_avg,edit_distance_dict_0,edit_distance_dict_1,edit_distance_dict_10,edit_distance_dict_2,edit_distance_dict_3,edit_distance_dict_4,edit_distance_dict_5,edit_distance_dict_6,edit_distance_dict_7,edit_distance_dict_8,edit_distance_dict_9,edit_distance_max,edit_distance_unique_dict_0,edit_distance_unique_dict_1,edit_distance_unique_dict_10,edit_distance_unique_dict_2,edit_distance_unique_dict_3,edit_distance_unique_dict_4,edit_distance_unique_dict_5,edit_distance_unique_dict_6,edit_distance_unique_dict_7,edit_distance_unique_dict_8,edit_distance_unique_dict_9,flaps,imp_wd,imp_wd_dpath,imp_wd_spath,nadas,news,nlri_ann,number_rare_ases,origin_0,origin_1,origin_2,origin_changes,rare_ases_avg,rare_ases_max,timestamp,timestamp2,unique_as_path_avg,unique_as_path_max,wd_dups,withdrawals
2404,10,13,374,4,17,0,339,0.1390374331550802,348,5,0,17,3,1,0,0,0,0,0,4,348,5,0,17,3,1,0,0,0,0,0,1,31,23,8,3,0,172,0,88,0,8,0,0.0,0,2005-05-24 16:04:09,1116950649,4,5,27,54
2405,18,7,398,4,18,0,358,0.2814070351758794,369,7,0,5,2,0,1,14,0,0,0,6,369,7,0,5,2,0,1,14,0,0,0,5,35,29,6,0,0,195,0,96,0,6,0,0.0,0,2005-05-24 16:05:09,1116950709,4,6,5,10
2406,16,20,782,4,17,0,701,0.2404092071611253,722,25,0,9,3,4,6,1,12,0,0,7,722,25,0,9,3,4,6,1,12,0,0,11,66,56,10,4,0,208,0,180,0,20,0,0.0,0,2005-05-24 16:06:09,1116950769,4,7,4,8
2407,4,9,124,5,8,0,93,0.4435483870967742,98,10,0,8,4,3,1,0,0,0,0,5,98,10,0,8,4,3,1,0,0,0,0,3,22,20,2,6,0,49,0,70,0,10,2,0.0,0,2005-05-24 16:07:09,1116950829,5,6,2,4
2408,27,12,428,5,17,0,368,0.3247663551401869,379,26,5,4,8,1,4,0,1,0,0,10,379,26,5,4,8,1,4,0,1,0,0,5,48,42,6,7,0,194,0,126,0,6,0,0.0,0,2005-05-24 16:08:09,1116950889,5,6,15,30
2409,14,4,392,3,19,0,352,0.2704081632653061,371,5,1,2,2,0,0,2,3,6,0,10,371,5,1,2,2,0,0,2,3,6,0,12,27,20,7,1,0,189,3,98,0,6,0,0.007653061224489796,1,2005-05-24 16:09:09,1116950949,3,7,7,14
2410,19,8,444,4,12,0,384,0.32432432432432434,402,16,0,8,1,1,3,1,12,0,0,7,402,16,0,8,1,1,3,1,12,0,0,6,54,42,12,0,0,199,2,116,0,4,0,0.0045045045045045045,1,2005-05-24 16:10:09,1116951009,4,9,5,10
2411,11,18,440,7,17,0,389,0.325,399,13,0,8,6,1,0,0,12,1,0,8,399,13,0,8,6,1,0,0,12,1,0,1,41,32,9,9,0,192,1,108,0,14,1,0.002272727272727273,1,2005-05-24 16:11:09,1116951069,7,8,7,14
2412,12,24,474,4,19,0,412,0.2156448202959831,421,17,0,27,5,2,0,0,0,1,0,8,421,17,0,27,5,2,0,0,0,1,0,0,46,37,9,15,1,212,6,134,0,12,12,0.012658227848101266,2,2005-05-24 16:12:09,1116951129,4,7,12,24
2413,52,21,584,4,17,0,471,0.3715753424657534,501,30,0,30,5,5,0,0,12,1,0,8,501,30,0,30,5,5,0,0,12,1,0,13,96,79,17,4,0,250,5,152,0,12,12,0.008561643835616438,1,2005-05-24 16:13:09,1116951189,4,6,9,18
2414,14,30,446,5,19,0,382,0.5348314606741573,393,5,0,6,2,22,1,1,12,1,0,12,393,5,0,6,2,22,1,1,12,1,0,4,56,49,7,3,1,204,5,96,0,10,1,0.011210762331838564,1,2005-05-24 16:14:09,1116951249,5,7,7,14
2415,10,14,416,5,17,0,380,0.1153846153846154,389,17,0,4,5,0,0,0,0,1,0,8,389,17,0,4,5,0,0,0,0,1,0,3,32,26,6,1,0,202,0,86,0,10,0,0.0,0,2005-05-24 16:15:09,1116951309,5,5,15,30
2416,6,9,404,5,19,0,365,0.13366336633663367,376,14,0,7,6,0,0,0,0,1,0,8,376,14,0,7,6,0,0,0,0,1,0,5,31,25,6,3,0,183,16,108,0,10,0,0.0396039603960396,3,2005-05-24 16:16:09,1116951369,5,6,4,8
2417,2,10,660,4,17,0,626,0.05007587253414264,646,3,0,5,4,0,0,0,0,1,0,8,646,3,0,5,4,0,0,0,0,1,0,10,20,10,10,3,1,179,1,138,0,12,1,0.0015151515151515152,1,2005-05-24 16:17:09,1116951429,4,5,22,44
2418,24,6,432,3,19,0,381,0.3194444444444444,392,10,0,15,2,0,0,0,12,1,0,8,392,10,0,15,2,0,0,0,12,1,0,5,46,40,6,0,0,192,3,94,0,10,1,0.006944444444444444,1,2005-05-24 16:18:09,1116951489,3,6,6,12
2419,16,31,424,4,17,0,356,0.4150943396226415,375,3,0,27,3,0,2,0,12,2,0,8,375,3,0,27,3,0,2,0,12,2,0,9,43,33,10,16,0,195,0,86,0,12,23,0.0,0,2005-05-24 16:19:09,1116951549,4,6,3,6
2420,11,5,392,4,11,0,363,0.20408163265306126,369,7,0,5,2,2,0,0,7,0,0,7,369,7,0,5,2,2,0,0,7,0,0,0,27,21,6,2,0,190,7,90,0,8,1,0.017857142857142856,2,2005-05-24 16:20:09,1116951609,4,6,19,38
2421,6,17,482,7,18,0,413,0.2302904564315353,440,17,0,12,4,1,1,0,7,0,0,7,440,17,0,12,4,1,1,0,7,0,0,18,49,40,9,2,0,209,3,142,0,14,1,0.006224066390041493,1,2005-05-24 16:21:09,1116951669,6,6,9,18
2422,3,4,424,4,11,0,391,0.0660377358490566,410,6,0,2,6,0,0,0,0,0,0,3,410,6,0,2,6,0,0,0,0,0,0,6,25,13,12,2,0,195,0,102,0,8,0,0.0,0,2005-05-24 16:22:09,1116951729,4,6,7,14
2423,18,2,400,8,18,0,364,0.14,373,15,0,7,1,0,0,4,0,0,0,6,373,15,0,7,1,0,0,4,0,0,0,3,29,23,6,4,0,196,2,106,0,10,0,0.005,1,2005-05-24 16:23:09,1116951789,4,8,15,30
2424,15,24,486,8,17,0,412,0.2983539094650205,430,13,0,18,16,3,0,6,0,0,0,6,430,13,0,18,16,3,0,6,0,0,0,11,62,55,7,1,0,220,6,142,0,6,0,0.012345679012345678,2,2005-05-24 16:24:09,1116951849,5,8,4,8
2425,12,4,380,7,18,0,343,0.14473684210526316,359,4,0,5,11,0,0,0,0,1,0,8,359,4,0,5,11,0,0,0,0,1,0,3,33,20,13,1,0,183,0,102,0,8,0,0.0,0,2005-05-24 16:25:09,1116951909,6,6,3,6
2426,14,4,82,8,17,0,54,0.7926829268292683,55,13,0,6,2,1,0,5,0,0,0,6,55,13,0,6,2,1,0,5,0,0,0,0,25,24,1,3,0,32,3,52,0,10,1,0.03658536585365853,1,2005-05-24 16:26:09,1116951969,8,8,0,0
2427,23,10,436,5,18,0,384,0.3394495412844037,390,18,0,7,4,5,0,0,12,0,0,7,390,18,0,7,4,5,0,0,12,0,0,0,51,45,6,1,0,195,0,108,0,10,1,0.0,0,2005-05-24 16:27:09,1116952029,5,7,14,28
2428,3,16,418,6,17,0,374,0.1722488038277512,391,11,0,5,5,3,1,0,0,1,0,11,391,11,0,5,5,3,1,0,0,1,0,11,29,23,6,4,0,197,1,118,0,10,0,0.0023923444976076554,1,2005-05-24 16:28:09,1116952089,6,7,6,12
2429,22,14,740,5,19,0,679,0.15945945945945947,694,18,0,17,4,0,1,0,0,5,1,9,694,18,0,17,4,0,1,0,0,5,1,5,54,44,10,2,0,196,0,194,0,18,2,0.0,0,2005-05-24 16:29:09,1116952149,5,8,5,10
2430,5,8,332,6,17,0,308,0.12951807228915665,314,6,0,7,1,3,0,0,0,1,0,8,314,6,0,7,1,3,0,0,0,1,0,2,20,16,4,2,0,154,0,78,0,8,0,0.0,0,2005-05-24 16:30:09,1116952209,4,9,3,6
2431,14,9,398,5,19,0,355,0.25125628140703515,366,10,0,7,2,2,6,4,0,1,0,8,366,10,0,7,2,2,6,4,0,1,0,3,38,30,8,2,0,188,3,114,0,10,1,0.007537688442211055,1,2005-05-24 16:31:09,1116952269,5,9,14,28
2432,14,20,438,7,17,0,381,0.2374429223744292,399,8,0,21,2,3,0,0,4,1,0,8,399,8,0,21,2,3,0,0,4,1,0,10,46,38,8,1,0,205,3,110,0,10,1,0.00684931506849315,2,2005-05-24 16:32:09,1116952329,7,7,7,14
2433,17,3,384,5,12,0,351,0.16145833333333334,362,7,0,4,5,2,0,4,0,0,0,6,362,7,0,4,5,2,0,4,0,0,0,2,30,21,9,1,0,182,3,110,0,8,0,0.0078125,1,2005-05-24 16:33:09,1116952389,5,9,4,8
2434,23,13,732,8,19,0,675,0.20765027322404367,688,14,0,6,7,1,2,10,1,3,0,8,688,14,0,6,7,1,2,10,1,3,0,2,50,39,11,5,0,204,16,178,0,16,0,0.02185792349726776,2,2005-05-24 16:34:09,1116952449,5,6,36,72
2435,11,13,414,4,11,0,370,0.2324455205811138,385,12,0,1,2,2,0,10,0,1,0,8,385,12,0,1,2,2,0,10,0,1,0,1,33,19,14,9,1,194,6,114,0,6,0,0.014492753623188406,1,2005-05-24 16:35:09,1116952509,4,7,8,16
2436,4,16,422,5,18,0,372,0.22037914691943128,393,4,0,13,3,0,0,9,0,0,0,6,393,4,0,13,3,0,0,9,0,0,0,16,32,27,5,2,0,197,0,90,0,10,0,0.0,0,2005-05-24 16:36:09,1116952569,5,7,3,6
2437,4,8,618,4,17,0,589,0.07928802588996764,601,7,0,4,0,1,0,5,0,0,0,6,601,7,0,4,0,1,0,5,0,0,0,3,25,16,9,1,0,180,0,116,0,8,0,0.0,0,2005-05-24 16:37:09,1116952629,4,7,7,14
2438,201,180,1468,4,19,0,885,0.8072207084468664,903,241,0,166,88,43,7,2,16,1,1,9,903,241,0,166,88,43,7,2,16,1,1,3,574,559,15,6,0,648,2,510,0,22,28,0.0013623978201634875,1,2005-05-24 16:38:09,1116952689,4,8,11,22
2439,217,278,2080,4,17,0,1177,1.0052884615384616,1194,350,1,185,225,45,31,23,16,4,1,12,1194,350,1,185,225,45,31,23,16,4,1,1,900,884,16,2,0,1034,0,592,0,12,38,0.0,0,2005-05-24 16:39:09,1116952749,4,7,3,6
2440,404,354,3090,6,11,0,1702,0.9841423948220064,1734,552,1,306,322,75,40,26,29,3,2,10,1734,552,1,306,322,75,40,26,29,3,2,11,1374,1353,21,3,0,1518,5,656,4,24,64,0.0016181229773462786,1,2005-05-24 16:40:09,1116952809,6,7,10,20
2441,25,9,718,4,17,0,664,0.08495821727019498,680,18,0,17,3,0,0,0,0,0,0,3,680,18,0,17,3,0,0,0,0,0,0,6,48,38,10,0,0,197,0,150,0,8,0,0.0,0,2005-05-24 16:41:09,1116952869,4,6,3,6
2442,9,14,426,4,17,0,371,0.2605633802816901,378,17,0,23,4,2,0,0,0,0,0,14,378,17,0,23,4,2,0,0,0,0,0,0,53,46,7,2,0,191,3,100,0,8,0,0.007042253521126761,1,2005-05-24 16:42:09,1116952929,4,7,11,22
2443,5,10,398,4,18,0,358,0.18592964824120606,377,9,0,5,1,0,1,0,3,0,0,13,377,9,0,5,1,0,1,0,3,0,0,12,25,18,7,3,0,189,2,100,0,14,0,0.005025125628140704,1,2005-05-24 16:43:09,1116952989,4,7,2,4
2444,9,7,404,4,19,0,376,0.10643564356435643,384,8,0,8,2,0,1,0,0,1,0,8,384,8,0,8,2,0,1,0,0,1,0,1,26,19,7,1,0,184,2,104,0,14,0,0.0049504950495049506,1,2005-05-24 16:44:09,1116953049,4,7,5,10
2445,6,4,366,4,17,0,342,0.23224043715846995,351,3,0,4,2,0,0,0,0,1,0,12,351,3,0,4,2,0,0,0,0,1,0,3,20,14,6,1,0,178,3,98,0,10,0,0.008196721311475409,1,2005-05-24 16:45:09,1116953109,4,6,3,6
2446,6,7,314,3,11,0,285,0.13694267515923567,291,13,0,5,1,3,1,0,0,0,0,5,291,13,0,5,1,3,1,0,0,0,0,0,25,19,6,4,0,153,13,78,0,4,0,0.041401273885350316,2,2005-05-24 16:46:09,1116953169,3,6,16,32
2447,19,9,746,4,19,0,679,0.1353887399463807,708,11,0,15,4,1,2,3,0,2,0,8,708,11,0,15,4,1,2,3,0,2,0,15,50,36,14,2,0,203,1,180,0,10,0,0.0013404825737265414,1,2005-05-24 16:47:09,1116953229,4,7,10,20
2448,2,5,338,3,19,0,319,0.10650887573964496,327,4,0,1,3,0,1,0,0,2,0,8,327,4,0,1,3,0,1,0,0,2,0,0,19,11,8,0,0,166,0,84,0,6,0,0.0,0,2005-05-24 16:48:09,1116953289,3,6,4,8
2449,5,9,388,4,17,0,349,0.1855670103092784,361,12,0,6,2,1,0,5,0,1,0,8,361,12,0,6,2,1,0,5,0,1,0,2,33,23,10,4,0,178,0,108,0,10,0,0.0,0,2005-05-24 16:49:09,1116953349,4,6,3,6
2450,8,10,410,4,19,0,364,0.18536585365853656,372,21,0,7,6,1,1,1,0,1,0,8,372,21,0,7,6,1,1,1,0,1,0,2,41,35,6,3,0,189,8,102,0,18,1,0.01951219512195122,1,2005-05-24 16:50:09,1116953409,4,8,13,26
2451,5,5,378,4,11,0,343,0.0873015873015873,361,10,0,3,3,0,0,0,0,1,0,8,361,10,0,3,3,0,0,0,0,1,0,10,22,14,8,3,0,183,2,92,0,4,1,0.005291005291005291,1,2005-05-24 16:51:09,1116953469,4,5,3,6
2452,8,7,368,4,18,0,331,0.16032608695652173,337,19,0,6,3,1,0,0,1,1,0,8,337,19,0,6,3,1,0,0,1,1,0,0,33,27,6,4,0,173,6,96,0,8,0,0.016304347826086956,1,2005-05-24 16:52:09,1116953529,4,6,6,12
2453,7,9,382,3,17,0,348,0.2225130890052356,358,9,0,5,2,3,0,3,0,0,0,15,358,9,0,5,2,3,0,3,0,0,0,5,29,24,5,0,0,185,0,96,0,6,0,0.0,0,2005-05-24 16:53:09,1116953589,3,8,8,16
2454,15,17,756,5,18,0,685,0.15476190476190474,710,21,0,15,1,4,1,1,0,0,0,12,710,21,0,15,1,4,1,1,0,0,0,11,55,41,14,5,0,205,6,184,0,16,0,0.007936507936507936,2,2005-05-24 16:54:09,1116953649,3,9,14,28
2455,5,12,388,3,19,0,348,0.2036082474226804,360,6,0,10,5,3,0,3,0,1,0,8,360,6,0,10,5,3,0,3,0,1,0,3,30,21,9,7,0,189,3,102,0,8,1,0.007731958762886598,1,2005-05-24 16:55:09,1116953709,3,7,4,8
2456,3,9,536,6,17,0,424,0.2705223880597015,436,83,0,6,6,1,0,2,0,2,0,8,436,83,0,6,6,1,0,2,0,2,0,3,108,99,9,1,0,253,9,108,0,14,11,0.016791044776119403,1,2005-05-24 16:56:09,1116953769,6,6,4,8
2457,8,9,522,3,19,0,408,0.3071017274472169,418,87,2,6,0,4,1,2,0,1,0,10,418,87,2,6,0,4,1,2,0,1,0,0,111,101,10,2,1,248,2,114,0,16,0,0.0038314176245210726,1,2005-05-24 16:57:09,1116953829,3,6,13,26
2458,10,7,408,5,17,0,357,0.145,373,12,0,6,6,2,0,0,0,1,0,8,373,12,0,6,6,2,0,0,0,1,0,10,29,23,6,4,8,198,9,92,0,10,3,0.02205882352941177,2,2005-05-24 16:58:09,1116953889,5,7,11,22
2459,72,76,994,5,12,0,771,0.5211693548387096,832,9,0,24,100,5,0,17,2,3,0,8,832,9,0,24,100,5,0,17,2,3,0,2,217,158,59,2,2,352,56,230,0,14,8,0.056338028169014086,2,2005-05-24 16:59:09,1116953949,5,6,16,32
2460,63,63,650,5,19,0,490,0.6671802773497689,506,47,0,17,32,18,4,18,0,7,0,8,506,47,0,17,32,18,4,18,0,7,0,7,143,135,8,9,1,288,9,180,0,16,10,0.013846153846153848,1,2005-05-24 17:00:09,1116954009,5,6,11,22
2461,93,57,688,5,17,0,492,0.7819767441860465,516,24,0,45,74,3,1,7,1,17,0,8,516,24,0,45,74,3,1,7,1,17,0,6,182,164,18,8,0,314,2,138,0,18,7,0.0029069767441860465,1,2005-05-24 17:01:09,1116954069,3,6,15,30
2462,26,90,646,17,19,0,473,0.5773993808049536,513,25,0,30,65,4,1,0,0,2,5,11,513,25,0,30,65,4,1,0,0,2,5,12,157,129,28,4,0,287,1,140,0,32,7,0.0015479876160990713,1,2005-05-24 17:02:09,1116954129,5,10,25,50
2463,7,14,658,4,19,0,616,0.11094224924012157,627,18,0,4,3,0,0,5,0,1,0,8,627,18,0,4,3,0,0,5,0,1,0,1,40,30,10,1,0,183,0,140,0,8,1,0.0,0,2005-05-24 17:03:09,1116954189,4,11,2,4
2464,8,9,380,4,19,0,347,0.14210526315789473,357,8,0,8,4,1,0,1,0,1,0,8,357,8,0,8,4,1,0,1,0,1,0,2,29,21,8,2,0,177,0,110,0,12,5,0.0,0,2005-05-24 17:04:09,1116954249,4,6,15,30
2465,15,8,420,4,17,0,356,0.21904761904761905,375,28,0,9,4,0,2,0,0,1,0,16,375,28,0,9,4,0,2,0,0,1,0,8,47,36,11,9,0,200,6,118,0,10,1,0.014285714285714284,1,2005-05-24 17:05:09,1116954309,4,6,14,28
2466,6,15,412,5,19,0,344,0.18932038834951456,375,15,0,15,4,0,1,0,0,2,0,8,375,15,0,15,4,0,1,0,0,2,0,13,53,36,17,2,0,198,0,102,0,8,0,0.0,0,2005-05-24 17:06:09,1116954369,5,6,11,22
2467,32,9,202,3,17,0,134,0.35148514851485146,149,41,0,11,0,0,0,0,0,1,0,8,149,41,0,11,0,0,0,0,0,1,0,7,57,49,8,4,0,90,6,62,0,14,3,0.0297029702970297,1,2005-05-24 17:07:09,1116954429,3,6,4,8
2468,63,40,976,4,18,0,807,0.4846311475409836,828,46,0,16,26,1,56,0,0,1,1,16,828,46,0,16,26,1,56,0,0,1,1,3,159,141,18,7,0,270,2,230,0,14,7,0.0020491803278688526,1,2005-05-24 17:08:09,1116954489,4,8,17,34
2469,36,15,472,4,17,0,394,0.5699152542372882,415,20,0,0,3,0,0,10,22,0,0,13,415,20,0,0,3,0,0,10,22,0,0,13,62,54,8,3,0,218,1,136,0,6,0,0.00211864406779661,1,2005-05-24 17:09:09,1116954549,4,8,26,52
2470,4,7,354,4,19,0,329,0.09604519774011301,339,4,0,8,2,0,0,0,0,1,0,8,339,4,0,8,2,0,0,0,0,1,0,0,24,14,10,1,0,172,2,84,0,12,2,0.005649717514124294,1,2005-05-24 17:10:09,1116954609,4,5,4,8
2471,9,9,394,3,14,0,357,0.116751269035533,366,15,0,10,2,0,1,0,0,0,0,5,366,15,0,10,2,0,1,0,0,0,0,0,34,25,9,3,0,178,0,104,0,6,0,0.0,0,2005-05-24 17:11:09,1116954669,3,8,6,12
2472,13,11,404,4,17,0,363,0.1905940594059406,373,8,0,18,3,0,0,0,0,1,0,16,373,8,0,18,3,0,0,0,0,1,0,4,34,28,6,3,0,195,3,106,0,10,2,0.007425742574257425,1,2005-05-24 17:12:09,1116954729,4,8,13,26
2473,32,39,810,7,19,0,700,0.4037037037037037,728,19,0,14,6,14,0,15,9,2,0,13,728,19,0,14,6,14,0,15,9,2,0,16,67,55,12,27,0,226,1,200,0,12,3,0.0012345679012345679,1,2005-05-24 17:13:09,1116954789,7,8,12,24
2474,10,17,458,3,11,0,383,0.3384279475982533,391,25,0,28,6,0,3,0,4,0,0,13,391,25,0,28,6,0,3,0,4,0,0,2,68,62,6,5,0,201,0,110,0,6,4,0.0,0,2005-05-24 17:14:09,1116954849,3,7,5,10
2475,3,5,360,7,11,0,337,0.08888888888888889,346,8,0,2,2,0,1,0,0,0,1,9,346,8,0,2,2,0,1,0,0,0,1,1,20,12,8,2,0,171,0,90,0,6,0,0.0,0,2005-05-24 17:15:09,1116954909,7,7,2,4
2476,10,6,362,5,17,0,330,0.1298342541436464,339,9,0,8,3,2,1,0,0,0,0,5,339,9,0,8,3,2,1,0,0,0,0,3,25,19,6,4,0,174,0,104,0,8,1,0.0,0,2005-05-24 17:16:09,1116954969,5,8,23,46
2477,7,12,430,8,18,0,365,0.16511627906976745,391,19,0,15,2,0,2,1,0,0,0,6,391,19,0,15,2,0,2,1,0,0,0,18,28,20,8,19,0,205,6,102,0,12,3,0.013953488372093023,2,2005-05-24 17:17:09,1116955029,4,7,5,10
2478,6,5,634,3,18,0,610,0.055205047318611984,621,4,0,5,2,0,0,1,0,0,1,9,621,4,0,5,2,0,0,1,0,0,1,1,21,11,10,2,0,169,1,134,0,10,0,0.0015772870662460567,1,2005-05-24 17:18:09,1116955089,3,10,6,12
2479,11,4,382,7,11,0,349,0.14136125654450266,360,10,0,6,3,1,0,1,0,0,0,13,360,10,0,6,3,1,0,1,0,0,0,0,32,21,11,1,0,175,0,100,0,10,1,0.0,0,2005-05-24 17:19:09,1116955149,5,6,6,12
2480,10,15,558,5,19,0,452,0.2974910394265233,469,62,0,12,4,3,1,1,3,3,0,8,469,62,0,12,4,3,1,1,3,3,0,7,92,82,10,7,0,240,18,164,0,18,1,0.03225806451612903,2,2005-05-24 17:20:09,1116955209,5,6,16,32
2481,11,3,470,7,18,0,388,0.20212765957446807,404,53,0,3,7,2,0,0,1,0,0,7,404,53,0,3,7,2,0,0,1,0,0,10,71,65,6,1,0,231,2,114,0,6,0,0.00425531914893617,1,2005-05-24 17:21:09,1116955269,6,6,4,8
2482,18,17,672,4,17,0,608,0.2113095238095238,621,16,0,15,6,3,1,9,1,0,0,7,621,16,0,15,6,3,1,9,1,0,0,1,52,40,12,11,0,190,0,170,0,14,7,0.0,0,2005-05-24 17:22:09,1116955329,4,7,10,20
2483,5,8,378,4,19,0,342,0.14814814814814814,355,9,0,8,2,0,1,2,0,1,0,8,355,9,0,8,2,0,1,2,0,1,0,5,27,19,8,4,0,182,6,102,0,10,5,0.015873015873015872,1,2005-05-24 17:23:09,1116955389,4,7,4,8
2484,4,4,336,4,11,0,318,0.05357142857142857,325,5,0,5,1,0,0,0,0,0,0,3,325,5,0,5,1,0,0,0,0,0,0,0,15,8,7,3,0,164,0,84,0,4,0,0.0,0,2005-05-24 17:24:09,1116955449,4,5,23,46
2485,4,5,398,4,17,0,361,0.07788944723618091,385,5,0,3,4,0,0,0,0,1,0,8,385,5,0,3,4,0,0,0,0,1,0,17,18,11,7,2,0,184,2,98,0,10,0,0.005025125628140704,1,2005-05-24 17:25:09,1116955509,4,5,6,12
2486,10,17,966,4,19,0,903,0.12124352331606217,918,18,0,15,7,1,0,2,1,2,1,9,918,18,0,15,7,1,0,2,1,2,1,4,49,38,11,9,1,194,7,222,0,16,0,0.007246376811594203,1,2005-05-24 17:26:09,1116955569,4,6,6,12
2487,8,8,372,19,19,0,339,0.12096774193548387,352,4,0,13,1,1,0,0,0,1,0,8,352,4,0,13,1,1,0,0,0,1,0,6,23,16,7,4,0,176,0,92,2,10,1,0.0,0,2005-05-24 17:27:09,1116955629,5,6,15,30
2488,8,4,474,4,17,0,381,0.21940928270042195,406,55,0,5,2,4,0,0,0,1,1,9,406,55,0,5,2,4,0,0,0,1,1,19,72,66,6,2,0,209,0,84,0,10,0,0.0,0,2005-05-24 17:28:09,1116955689,4,7,13,26
2489,35,14,504,3,11,0,430,0.2976190476190476,441,8,0,38,8,3,6,0,0,0,0,5,441,8,0,38,8,3,6,0,0,0,0,0,69,58,11,5,0,214,0,104,0,12,5,0.0,0,2005-05-24 17:29:09,1116955749,3,7,2,4
2490,13,35,454,4,19,0,373,0.32158590308370044,390,15,0,36,4,1,7,0,0,1,0,8,390,15,0,36,4,1,7,0,0,1,0,0,79,62,17,2,0,219,3,122,0,8,0,0.006607929515418502,1,2005-05-24 17:30:09,1116955809,4,7,8,16
2491,6,15,382,3,17,0,348,0.16272965879265092,357,8,0,6,4,4,0,1,0,1,0,8,357,8,0,6,4,4,0,1,0,1,0,1,30,22,8,2,1,175,0,100,0,14,1,0.0,0,2005-05-24 17:31:09,1116955869,3,6,17,34
2492,10,11,430,4,18,0,366,0.2186046511627907,390,14,0,14,2,4,6,0,0,0,0,5,390,14,0,14,2,4,6,0,0,0,0,17,46,39,7,1,0,205,4,118,0,8,1,0.009302325581395349,1,2005-05-24 17:32:09,1116955929,4,6,9,18
2493,7,10,474,9,17,0,417,0.14978902953586498,437,21,0,4,7,4,1,0,0,0,0,5,437,21,0,4,7,4,1,0,0,0,0,10,43,33,10,4,0,221,1,120,0,16,9,0.002109704641350211,1,2005-05-24 17:33:09,1116955989,6,7,8,16
2494,8,9,786,5,18,0,724,0.0916030534351145,745,24,0,9,6,1,0,0,0,1,0,8,745,24,0,9,6,1,0,0,0,1,0,7,50,36,14,5,0,221,3,196,0,10,6,0.0038167938931297713,1,2005-05-24 17:34:09,1116956049,4,7,22,44
2495,8,4,144,6,17,0,110,0.3125,122,11,0,7,1,2,0,0,0,0,1,9,122,11,0,7,1,2,0,0,0,0,1,2,31,21,10,1,0,62,3,58,0,14,0,0.02083333333333333,1,2005-05-24 17:35:09,1116956109,5,6,4,8
2496,7,6,450,5,18,0,411,0.10666666666666667,428,8,0,8,2,3,0,1,0,0,0,6,428,8,0,8,2,3,0,1,0,0,0,10,26,19,7,3,0,212,4,100,0,10,2,0.008888888888888889,1,2005-05-24 17:36:09,1116956169,4,6,3,6
2497,20,201,1174,8,17,0,431,0.6158432708688245,752,193,0,202,6,10,7,0,1,1,2,9,752,193,0,202,6,10,7,0,1,1,2,1,736,416,320,6,0,385,1,198,0,12,13,0.0008517887563884157,1,2005-05-24 17:37:09,1116956229,5,7,12,24
2498,21,13,696,3,13,0,627,0.14942528735632185,649,30,0,6,2,1,6,0,0,0,0,11,649,30,0,6,2,1,6,0,0,0,0,8,61,47,14,0,0,212,0,156,0,4,0,0.0,0,2005-05-24 17:38:09,1116956289,3,8,38,76
2499,13,2,662,4,18,0,624,0.09969788519637462,636,8,0,9,2,1,6,0,0,0,0,5,636,8,0,9,2,1,6,0,0,0,0,1,37,26,11,0,0,181,6,138,0,12,0,0.00906344410876133,2,2005-05-24 17:39:09,1116956349,4,7,13,26
2500,47,8,490,19,19,0,405,0.20204081632653065,425,46,0,13,3,0,2,0,0,1,0,8,425,46,0,13,3,0,2,0,0,1,0,10,73,63,10,2,0,225,3,108,0,18,33,0.0061224489795918356,1,2005-05-24 17:40:09,1116956409,5,7,6,12
2501,5,45,442,4,17,0,372,0.2171945701357466,380,44,0,11,4,0,2,0,0,1,0,8,380,44,0,11,4,0,2,0,0,1,0,4,63,59,4,3,0,212,0,90,0,12,33,0.0,0,2005-05-24 17:41:09,1116956469,4,7,4,8
2502,7,14,402,5,11,0,358,0.18407960199004972,370,11,0,8,6,6,1,0,0,0,0,5,370,11,0,8,6,6,1,0,0,0,0,3,34,25,9,7,0,186,1,108,0,10,6,0.0024875621890547268,1,2005-05-24 17:42:09,1116956529,5,7,14,28
2503,5,2,548,3,19,0,508,0.07495429616087751,529,8,0,5,3,0,0,1,0,1,0,8,529,8,0,5,3,0,0,1,0,1,0,11,27,18,9,1,1,195,0,98,0,10,2,0.0,0,2005-05-24 17:43:09,1116956589,3,5,9,18
2504,33,8,418,4,17,0,359,0.23444976076555024,375,5,0,32,4,0,0,0,0,1,1,9,375,5,0,32,4,0,0,0,0,1,1,6,50,40,10,3,0,208,2,86,0,12,4,0.004784688995215311,1,2005-05-24 17:44:09,1116956649,4,5,8,16
2505,9,30,422,3,19,0,361,0.2042755344418052,377,10,0,31,2,0,0,0,0,1,0,8,377,10,0,31,2,0,0,0,0,1,0,10,49,43,6,1,1,196,4,90,0,12,0,0.009478672985781993,1,2005-05-24 17:45:09,1116956709,3,7,4,8
2506,51,35,586,6,17,0,429,0.3668941979522185,487,65,0,14,6,5,0,4,0,1,0,14,487,65,0,14,6,5,0,4,0,1,0,35,109,90,19,13,0,270,0,168,0,14,34,0.0,0,2005-05-24 17:46:09,1116956769,6,7,43,86
2507,197,47,892,8,14,0,456,0.388327721661055,633,227,0,12,7,1,0,9,1,0,1,9,633,227,0,12,7,1,0,9,1,0,1,11,399,233,166,25,1,420,1,190,0,8,33,0.0011210762331838565,1,2005-05-24 17:47:09,1116956829,4,8,5,10
2508,11,12,414,5,17,0,357,0.29055690072639223,372,8,0,17,8,4,0,1,0,1,0,12,372,8,0,17,8,4,0,1,0,1,0,3,50,38,12,3,1,195,3,134,0,8,2,0.007246376811594203,1,2005-05-24 17:48:09,1116956889,4,9,6,12
2509,12,5,418,4,21,0,373,0.1674641148325359,386,11,1,13,6,0,1,0,0,0,0,10,386,11,1,13,6,0,1,0,0,0,0,2,41,30,11,2,0,199,1,128,0,16,5,0.0023923444976076554,1,2005-05-24 17:49:09,1116956949,4,9,7,14
2510,3,5,374,7,17,0,344,0.06149732620320856,363,3,0,5,2,1,0,0,0,0,0,4,363,3,0,5,2,1,0,0,0,0,0,4,25,10,15,1,0,180,0,110,0,12,0,0.0,0,2005-05-24 17:50:09,1116957009,7,7,20,40
2511,4,2,414,4,11,0,375,0.043478260869565216,402,8,0,2,2,0,0,0,0,0,0,3,402,8,0,2,2,0,0,0,0,0,0,18,20,11,9,1,0,187,0,106,0,6,0,0.0,0,2005-05-24 17:51:09,1116957069,4,6,7,14
2512,17,1,374,5,18,0,335,0.19786096256684493,342,11,0,10,4,4,3,0,0,0,0,5,342,11,0,10,4,4,3,0,0,0,0,1,35,29,6,3,0,176,0,86,0,12,3,0.0,0,2005-05-24 17:52:09,1116957129,5,7,19,38
2513,15,15,732,9,19,0,661,0.15846994535519127,686,19,0,10,8,1,4,1,1,2,0,8,686,19,0,10,8,1,4,1,1,2,0,1,64,40,24,6,0,192,3,190,0,14,5,0.004098360655737704,1,2005-05-24 17:53:09,1116957189,4,8,19,38
2514,19,9,430,4,18,0,374,0.18604651162790695,392,20,0,3,9,4,1,1,0,0,0,6,392,20,0,3,9,4,1,1,0,0,0,11,41,34,7,4,0,199,3,104,0,14,1,0.0069767441860465115,1,2005-05-24 17:54:09,1116957249,4,7,7,14
2515,0,2,116,3,17,0,88,0.2241379310344828,97,14,0,3,2,0,0,0,0,0,0,3,97,14,0,3,2,0,0,0,0,0,0,0,27,18,9,1,0,48,0,46,0,14,2,0.0,0,2005-05-24 17:55:09,1116957309,3,7,16,32
2516,10,7,438,3,18,0,391,0.18493150684931506,402,17,0,2,12,1,4,0,0,0,0,5,402,17,0,2,12,1,4,0,0,0,0,6,40,35,5,1,0,195,0,90,0,10,0,0.0,0,2005-05-24 17:56:09,1116957369,3,7,3,6
2517,6,3,368,7,17,0,338,0.07065217391304347,352,11,0,2,1,2,0,0,0,0,0,4,352,11,0,2,1,2,0,0,0,0,0,4,23,14,9,3,0,175,0,92,0,14,0,0.0,0,2005-05-24 17:57:09,1116957429,5,8,12,24
2518,2,11,378,19,19,0,337,0.12962962962962962,357,8,0,4,7,1,0,0,0,1,0,8,357,8,0,4,7,1,0,0,0,1,0,10,29,19,10,2,0,185,2,86,0,10,0,0.005291005291005291,1,2005-05-24 17:58:09,1116957489,5,6,6,12
2519,5,3,666,3,17,0,636,0.054054054054054064,649,6,0,8,2,0,0,0,0,1,0,8,649,6,0,8,2,0,0,0,0,1,0,1,26,14,12,3,0,181,0,150,0,14,2,0.0,0,2005-05-24 17:59:09,1116957549,3,5,9,18
2520,8,6,400,5,18,0,360,0.1025,379,8,0,8,3,2,0,0,0,0,0,4,379,8,0,8,3,2,0,0,0,0,0,4,34,19,15,2,0,184,0,104,0,16,0,0.0,0,2005-05-24 18:00:09,1116957609,5,7,3,6
2521,19,10,422,7,17,0,366,0.2156398104265403,382,15,0,15,5,1,1,1,0,2,0,8,382,15,0,15,5,1,1,1,0,2,0,2,48,34,14,6,0,198,6,118,0,10,3,0.014218009478672985,2,2005-05-24 18:01:09,1116957669,7,9,17,34
2522,18,7,432,10,18,0,365,0.16705336426914152,390,21,0,12,6,1,1,0,0,0,0,5,390,21,0,12,6,1,1,0,0,0,0,16,49,40,9,1,1,201,6,114,0,12,1,0.013888888888888888,2,2005-05-24 18:02:09,1116957729,10,10,12,24
2523,3,11,702,3,11,0,654,0.09544159544159543,669,15,1,13,2,0,2,0,0,0,0,10,669,15,1,13,2,0,2,0,0,0,0,3,38,26,12,7,0,197,3,158,2,10,4,0.004273504273504274,1,2005-05-24 18:03:09,1116957789,3,10,6,12
2524,4,5,380,3,17,0,352,0.08421052631578947,360,11,0,7,1,1,0,0,0,0,0,4,360,11,0,7,1,1,0,0,0,0,0,1,26,19,7,1,0,178,0,106,0,4,2,0.0,0,2005-05-24 18:04:09,1116957849,3,6,1,2
2525,5,6,394,3,19,0,363,0.12690355329949238,371,9,0,11,1,0,0,0,0,2,0,8,371,9,0,11,1,0,0,0,0,2,0,0,29,21,8,2,0,174,3,106,0,16,2,0.007614213197969543,1,2005-05-24 18:05:09,1116957909,3,6,11,22
2526,4,5,640,19,19,0,602,0.0546875,623,7,0,7,2,0,0,0,0,1,0,8,623,7,0,7,2,0,0,0,0,1,0,11,26,16,10,1,0,182,0,132,0,10,2,0.0,0,2005-05-24 18:06:09,1116957969,5,5,2,4
2527,4,3,368,4,17,0,355,0.059782608695652176,361,0,0,4,2,0,0,0,0,1,0,8,361,0,0,4,2,0,0,0,0,1,0,0,12,6,6,1,0,173,0,74,0,8,0,0.0,0,2005-05-24 18:07:09,1116958029,4,7,11,22
2528,4,1,356,5,17,0,334,0.09014084507042254,342,5,0,2,4,1,0,0,1,0,0,7,342,5,0,2,4,1,0,0,1,0,0,2,19,13,6,0,1,167,2,82,0,6,0,0.005617977528089888,1,2005-05-24 18:08:09,1116958089,3,7,4,8
2529,6,26,444,5,13,0,383,0.26410835214446954,404,10,0,4,2,22,1,0,0,0,0,5,404,10,0,4,2,22,1,0,0,0,0,11,47,37,10,2,1,202,4,100,0,10,0,0.009009009009009007,2,2005-05-24 18:09:09,1116958149,5,8,14,28
2530,28,7,438,5,17,0,375,0.3219178082191781,395,5,0,10,2,24,0,1,0,1,0,8,395,5,0,10,2,24,0,1,0,1,0,12,49,41,8,2,0,214,0,102,0,8,2,0.0,0,2005-05-24 18:10:09,1116958209,5,9,1,2
2531,10,14,392,10,13,0,346,0.26785714285714285,360,8,0,9,1,0,12,0,0,2,0,8,360,8,0,9,1,0,12,0,0,2,0,4,38,28,10,4,0,185,8,104,0,6,0,0.020408163265306117,2,2005-05-24 18:11:09,1116958269,9,10,8,16
2532,5,5,336,3,17,0,315,0.09821428571428573,321,6,0,5,2,1,0,0,1,0,0,7,321,6,0,5,2,1,0,0,1,0,0,2,19,15,4,0,0,164,0,78,0,6,0,0.0,0,2005-05-24 18:12:09,1116958329,3,9,9,18
2533,21,17,750,5,17,0,668,0.18533333333333327,700,12,0,23,3,0,0,12,0,0,0,6,700,12,0,23,3,0,0,12,0,0,0,18,47,33,14,17,0,201,3,180,0,12,2,0.004,1,2005-05-24 18:13:09,1116958389,5,6,14,28
2534,5,7,366,4,17,0,337,0.14754098360655735,345,9,0,6,1,0,0,5,0,0,0,6,345,9,0,6,1,0,0,5,0,0,0,1,27,20,7,1,0,177,3,96,0,10,2,0.008196721311475409,1,2005-05-24 18:14:09,1116958449,4,5,7,14
2535,6,33,614,4,11,0,536,0.26058631921824105,553,25,0,5,4,22,5,0,0,0,0,5,553,25,0,5,4,22,5,0,0,0,0,3,75,61,14,0,0,195,0,134,0,10,2,0.0,0,2005-05-24 18:15:09,1116958509,4,7,2,4
2536,25,4,584,3,19,0,447,0.4606164383561644,461,93,0,4,2,1,1,2,19,1,0,8,461,93,0,4,2,1,1,2,19,1,0,5,131,122,9,1,0,241,0,102,0,8,2,0.0,0,2005-05-24 18:16:09,1116958569,3,6,72,144
2537,20,9,416,5,17,0,364,0.1658653846153846,384,7,0,21,2,0,0,1,0,1,0,8,384,7,0,21,2,0,0,1,0,1,0,12,39,31,8,1,0,200,6,98,0,10,0,0.014423076923076926,3,2005-05-24 18:17:09,1116958629,5,7,1,2
2538,6,4,338,4,19,0,315,0.1124260355029586,323,6,0,4,2,0,2,0,0,1,0,8,323,6,0,4,2,0,2,0,0,1,0,1,22,15,7,0,0,164,0,76,0,10,0,0.0,0,2005-05-24 18:18:09,1116958689,4,7,4,8
2539,4,6,480,4,17,0,393,0.23541666666666666,404,63,0,5,4,0,0,2,0,2,0,8,404,63,0,5,4,0,0,2,0,2,0,0,26,15,11,61,0,227,0,80,0,14,4,0.0,0,2005-05-24 18:19:09,1116958749,4,5,2,4
2540,7,5,770,4,18,0,684,0.12987012987012986,696,64,0,7,1,0,1,0,0,0,0,14,696,64,0,7,1,0,1,0,0,0,0,2,83,73,10,1,0,229,0,144,0,12,0,0.0,0,2005-05-24 18:20:09,1116958809,4,9,18,36
2541,5,4,388,4,17,0,337,0.09278350515463918,367,8,0,12,0,1,0,0,0,0,0,4,367,8,0,12,0,1,0,0,0,0,0,17,32,20,12,2,0,190,0,86,0,12,2,0.0,0,2005-05-24 18:21:09,1116958869,4,6,4,8
2542,4,6,380,6,11,0,357,0.1,366,4,0,6,2,0,1,0,0,0,0,11,366,4,0,6,2,0,1,0,0,0,0,0,21,12,9,2,0,183,0,88,0,10,0,0.0,0,2005-05-24 18:22:09,1116958929,6,6,9,18
2543,32,26,518,9,17,0,415,0.6814671814671814,435,10,0,19,20,0,5,6,0,23,0,8,435,10,0,19,20,0,5,6,0,23,0,10,92,82,10,1,0,226,0,118,0,12,0,0.0,0,2005-05-24 18:23:09,1116958989,5,7,15,30
2544,16,8,690,4,18,0,635,0.14202898550724638,650,14,0,13,1,7,4,0,1,0,0,7,650,14,0,13,1,7,4,0,1,0,0,3,50,39,11,2,0,196,6,146,0,10,0,0.008695652173913044,2,2005-05-24 18:24:09,1116959049,4,6,7,14
2545,11,6,412,4,17,0,362,0.2427184466019417,379,8,1,15,1,2,1,4,0,0,0,12,379,8,1,15,1,2,1,4,0,0,0,11,36,30,6,3,0,200,6,102,0,6,0,0.014563106796116504,2,2005-05-24 18:25:09,1116959109,4,6,5,10
2546,9,4,400,4,14,0,359,0.13533834586466165,366,22,0,4,5,1,1,0,0,0,0,5,366,22,0,4,5,1,1,0,0,0,0,1,30,24,6,9,1,189,2,98,0,10,15,0.005,1,2005-05-24 18:26:09,1116959169,4,8,8,16
2547,10,16,428,4,17,0,374,0.20093457943925236,386,23,0,9,3,5,0,0,0,2,0,8,386,23,0,9,3,5,0,0,0,2,0,1,52,41,11,1,0,194,0,124,0,14,7,0.0,0,2005-05-24 18:27:09,1116959229,4,8,21,42
2548,8,11,724,15,15,0,668,0.07044198895027624,704,8,1,7,2,0,0,1,1,0,0,10,704,8,1,7,2,0,0,1,1,0,0,20,33,18,15,3,0,194,5,160,0,14,2,0.006906077348066298,1,2005-05-24 18:28:09,1116959289,5,6,6,12
2549,7,13,380,5,17,0,342,0.17105263157894735,354,4,0,12,7,2,0,0,0,1,0,8,354,4,0,12,7,2,0,0,0,1,0,2,28,18,10,8,0,187,2,88,0,14,3,0.005263157894736842,1,2005-05-24 18:29:09,1116959349,4,9,4,8
2550,7,7,370,5,18,0,340,0.1002710027100271,350,6,0,10,1,2,0,0,0,0,0,4,350,6,0,10,1,2,0,0,0,0,0,2,23,15,8,4,1,174,0,84,0,12,1,0.0,0,2005-05-24 18:30:09,1116959409,5,6,6,12
2551,7,5,384,4,19,0,350,0.1328125,359,13,0,5,4,2,0,0,0,1,0,8,359,13,0,5,4,2,0,0,0,1,0,0,30,21,9,4,0,182,4,100,0,12,5,0.010416666666666666,2,2005-05-24 18:31:09,1116959469,4,8,19,38
2552,9,5,396,4,17,0,350,0.24242424242424246,367,13,0,6,1,1,1,0,1,2,4,9,367,13,0,6,1,1,1,0,1,2,4,11,29,23,6,6,0,190,4,100,0,8,9,0.010101010101010102,2,2005-05-24 18:32:09,1116959529,4,9,13,26
2553,6,9,394,4,18,0,347,0.116751269035533,365,18,0,8,2,0,0,1,0,0,0,6,365,18,0,8,2,0,0,1,0,0,0,10,36,28,8,1,0,181,0,96,0,10,0,0.0,0,2005-05-24 18:33:09,1116959589,4,9,11,22
2554,11,10,402,3,17,0,346,0.1517412935323383,368,16,0,11,5,2,0,0,0,0,0,4,368,16,0,11,5,2,0,0,0,0,0,13,38,29,9,5,0,186,1,112,0,14,2,0.0024875621890547268,1,2005-05-24 18:34:09,1116959649,3,7,26,52
2555,11,4,442,4,11,0,378,0.14479638009049775,405,25,0,6,3,1,0,0,2,0,0,7,405,25,0,6,3,1,0,0,2,0,0,16,45,34,11,3,0,204,6,124,0,8,3,0.013574660633484163,1,2005-05-24 18:35:09,1116959709,4,6,8,16
2556,4,33,442,5,17,0,379,0.2443438914027149,397,13,0,4,26,1,1,0,0,0,0,5,397,13,0,4,26,1,1,0,0,0,0,5,54,42,12,4,0,199,5,104,0,16,0,0.011312217194570135,1,2005-05-24 18:36:09,1116959769,4,5,1,2
2557,16,5,94,4,19,0,60,1.1170212765957446,67,1,0,7,13,0,0,0,0,3,3,9,67,1,0,7,13,0,0,0,0,3,3,0,32,25,7,2,0,43,0,36,0,8,3,0.0,0,2005-05-24 18:37:09,1116959829,4,9,4,8
2558,5,82,976,5,17,0,634,0.4923076923076923,659,216,0,76,8,7,2,2,3,1,1,9,659,216,0,76,8,7,2,2,3,1,1,0,340,315,25,1,1,479,312,438,0,8,4,0.319672131147541,2,2005-05-24 18:38:09,1116959889,4,8,18,36
2559,22,211,870,4,11,0,437,0.6206896551724138,625,26,0,179,29,3,0,4,0,3,1,9,625,26,0,179,29,3,0,4,0,3,1,22,408,242,166,3,0,408,2,172,0,12,3,0.002298850574712644,1,2005-05-24 18:39:09,1116959949,4,7,5,10
2560,69,30,946,5,18,0,473,0.4186046511627907,644,273,1,11,7,1,1,3,1,0,4,10,644,273,1,11,7,1,1,3,1,0,4,4,464,297,167,5,0,430,10,196,0,12,17,0.010570824524312895,1,2005-05-24 18:40:09,1116960009,4,8,43,86
2561,21,38,544,4,17,0,448,0.2426470588235294,458,59,0,10,15,2,0,0,0,0,0,4,458,59,0,10,15,2,0,0,0,0,0,0,89,79,10,7,0,237,9,114,0,14,4,0.016544117647058824,1,2005-05-24 18:41:09,1116960069,4,6,8,16
2562,22,29,758,10,17,0,679,0.2770448548812665,699,9,0,15,9,4,5,16,1,0,0,7,699,9,0,15,9,4,5,16,1,0,0,1,75,56,19,3,0,200,0,196,0,16,2,0.0,0,2005-05-24 18:42:09,1116960129,8,8,14,28
2563,7,3,378,9,13,0,346,0.1349206349206349,365,3,0,1,3,2,1,0,0,3,0,8,365,3,0,1,3,2,1,0,0,3,0,11,20,12,8,1,0,183,0,94,0,6,0,0.0,0,2005-05-24 18:43:09,1116960189,6,7,5,10
2564,19,9,434,9,17,0,389,0.16820276497695852,399,18,0,11,1,0,2,1,2,0,0,7,399,18,0,11,1,0,2,1,2,0,0,2,39,31,8,4,0,191,8,114,0,18,3,0.018433179723502304,1,2005-05-24 18:44:09,1116960249,8,8,11,22
2565,18,5,378,7,12,0,337,0.17989417989417988,350,12,2,9,4,0,0,1,0,0,0,10,350,12,2,9,4,0,0,1,0,0,0,3,35,25,10,3,0,186,0,94,0,12,0,0.0,0,2005-05-24 18:45:09,1116960309,6,6,7,14
2566,9,4,384,9,18,0,350,0.0859375,364,11,0,6,2,1,0,0,0,0,0,4,364,11,0,6,2,1,0,0,0,0,0,8,26,20,6,0,0,186,2,98,0,8,0,0.005208333333333333,1,2005-05-24 18:46:09,1116960369,5,7,30,60
2567,81,11,1018,3,17,0,655,0.48133595284872294,698,217,0,81,7,7,1,2,0,0,5,9,698,217,0,81,7,7,1,2,0,0,5,18,342,317,25,3,0,497,109,422,0,12,3,0.10707269155206288,2,2005-05-24 18:47:09,1116960429,3,9,3,6
2568,36,25,600,3,19,0,461,0.3939899833055092,491,55,0,32,3,2,2,11,0,3,0,8,491,55,0,32,3,2,2,11,0,3,0,7,92,70,22,39,1,266,3,160,0,18,18,0.005,1,2005-05-24 18:48:09,1116960489,3,7,13,26
2569,15,53,1108,6,12,0,725,0.21660649819494585,950,106,1,40,3,6,1,1,0,0,0,10,950,106,1,40,3,6,1,1,0,0,0,2,370,147,223,11,0,363,3,256,0,14,18,0.002707581227436823,1,2005-05-24 18:49:09,1116960549,6,9,17,34
2570,185,8,736,4,18,0,372,0.3002717391304348,537,188,0,8,0,0,2,0,1,0,0,7,537,188,0,8,0,0,2,0,1,0,0,3,360,198,162,1,0,353,5,126,0,8,0,0.006793478260869565,1,2005-05-24 18:50:09,1116960609,4,7,1,2
2571,3,4,370,4,17,0,336,0.03783783783783784,360,6,0,4,0,0,0,0,0,0,0,2,360,6,0,4,0,0,0,0,0,0,0,18,14,8,6,2,0,183,0,80,0,8,0,0.0,0,2005-05-24 18:51:09,1116960669,4,5,16,32
2572,8,1,334,3,19,0,314,0.10479041916167664,322,3,0,2,4,2,0,0,0,1,0,8,322,3,0,2,4,2,0,0,0,1,0,2,17,11,6,1,0,165,0,86,0,4,0,0.0,0,2005-05-24 18:52:09,1116960729,3,6,10,20
2573,8,7,590,4,17,0,553,0.08149405772495756,569,5,0,8,5,1,0,0,0,1,0,8,569,5,0,8,5,1,0,0,0,1,0,8,27,19,8,1,1,170,0,116,0,6,0,0.0,0,2005-05-24 18:53:09,1116960789,4,6,15,30
2574,14,13,756,5,19,0,676,0.12962962962962962,706,24,0,17,2,4,2,0,0,1,0,8,706,24,0,17,2,4,2,0,0,1,0,10,66,46,20,4,0,202,0,186,0,18,6,0.0,0,2005-05-24 18:54:09,1116960849,4,7,2,4
2575,15,3,380,3,17,0,343,0.1368421052631579,350,21,0,4,2,1,1,0,0,1,0,8,350,21,0,4,2,1,1,0,0,1,0,2,32,27,5,3,0,184,0,96,0,10,0,0.0,0,2005-05-24 18:55:09,1116960909,3,5,18,36
2576,11,11,388,4,17,0,349,0.17525773195876287,356,11,0,11,5,5,0,0,0,0,0,4,356,11,0,11,5,5,0,0,0,0,0,1,33,27,6,5,0,185,0,96,0,8,0,0.0,0,2005-05-24 18:56:09,1116960969,4,7,13,26
2577,15,4,356,7,19,0,320,0.22191011235955052,324,15,0,6,2,2,6,0,0,1,0,8,324,15,0,6,2,2,6,0,0,1,0,0,36,32,4,0,0,163,5,84,0,12,1,0.01404494382022472,1,2005-05-24 18:57:09,1116961029,7,8,20,40
2578,27,13,438,3,17,0,376,0.2488584474885845,394,20,0,9,5,3,0,6,0,1,0,8,394,20,0,9,5,3,0,6,0,1,0,12,48,42,6,2,0,209,1,116,0,12,1,0.00228310502283105,1,2005-05-24 18:58:09,1116961089,3,9,6,12
2579,10,14,432,4,18,0,378,0.14583333333333334,391,25,0,11,4,1,0,0,0,0,0,4,391,25,0,11,4,1,0,0,0,0,0,6,48,41,7,0,0,194,0,104,0,10,0,0.0,0,2005-05-24 18:59:09,1116961149,4,6,8,16
2580,17,9,746,4,17,0,686,0.14745308310991956,701,21,0,9,4,4,0,6,1,0,0,7,701,21,0,9,4,4,0,6,1,0,0,5,52,42,10,3,0,192,0,180,0,18,0,0.0,0,2005-05-24 19:00:09,1116961209,4,6,2,4
2581,13,12,144,5,18,0,100,0.6293706293706294,108,15,0,4,9,1,0,6,0,0,0,6,108,15,0,4,9,1,0,6,0,0,0,2,37,31,6,4,1,68,0,62,0,12,3,0.0,0,2005-05-24 19:01:09,1116961269,5,6,14,28
2582,6,4,380,6,17,0,344,0.11578947368421053,360,8,0,6,2,2,2,0,0,0,0,5,360,8,0,6,2,2,2,0,0,0,0,10,21,15,6,5,0,185,0,94,0,6,0,0.0,0,2005-05-24 19:02:09,1116961329,5,6,9,18
2583,9,7,386,6,19,0,345,0.19170984455958548,358,9,0,8,3,5,0,2,0,1,0,8,358,9,0,8,3,5,0,2,0,1,0,5,35,27,8,1,0,189,0,98,0,10,7,0.0,0,2005-05-24 19:03:09,1116961389,6,6,6,12
2584,3,5,370,4,19,0,344,0.10298102981029812,353,6,0,4,4,1,0,0,0,1,0,8,353,6,0,4,4,1,0,0,0,1,0,3,21,15,6,1,1,179,0,94,0,8,1,0.0,0,2005-05-24 19:04:09,1116961449,4,6,12,24
2585,4,6,370,4,11,0,348,0.0945945945945946,354,5,0,7,2,1,0,1,0,0,0,6,354,5,0,7,2,1,0,1,0,0,0,0,18,12,6,4,0,175,3,92,0,10,1,0.008108108108108109,1,2005-05-24 19:05:09,1116961509,4,9,4,8
2586,14,9,636,4,17,0,572,0.12578616352201258,594,21,0,10,7,3,0,1,0,0,0,6,594,21,0,10,7,3,0,1,0,0,0,14,48,40,8,2,0,199,10,152,0,10,0,0.015723270440251572,1,2005-05-24 19:06:09,1116961569,4,9,3,6
2587,8,15,406,3,11,0,359,0.24504950495049505,371,8,0,11,5,1,4,0,3,0,1,9,371,8,0,11,5,1,4,0,3,0,1,3,40,31,9,2,2,191,0,132,0,8,3,0.0,0,2005-05-24 19:07:09,1116961629,3,8,3,6
2588,21,23,508,4,19,0,420,0.3214990138067061,432,44,0,10,8,3,4,1,3,2,0,8,432,44,0,10,8,3,4,1,3,2,0,1,68,57,11,18,1,222,7,158,0,22,4,0.013779527559055118,1,2005-05-24 19:08:09,1116961689,4,7,20,40
2589,6,82,1000,5,11,0,633,0.473,675,228,0,75,8,8,1,3,1,0,1,9,675,228,0,75,8,8,1,3,1,0,1,16,348,322,26,3,0,496,2,438,0,8,3,0.002,1,2005-05-24 19:09:09,1116961749,5,6,2,4
2590,79,8,1238,5,19,0,888,0.38368336025848143,918,217,0,83,7,5,2,4,0,1,1,9,918,217,0,83,7,5,2,4,0,1,1,0,347,317,30,3,0,473,5,482,0,14,2,0.004038772213247173,1,2005-05-24 19:10:09,1116961809,4,6,4,8
2591,78,80,1524,5,17,0,879,0.5695538057742782,920,423,0,148,11,12,0,7,0,1,2,9,920,423,0,148,11,12,0,7,0,1,2,1,644,604,40,0,0,463,3,748,0,6,0,0.001968503937007874,1,2005-05-24 19:11:09,1116961869,4,6,3,6
2592,7,9,362,4,18,0,331,0.11878453038674032,340,7,0,13,0,1,0,1,0,0,0,6,340,7,0,13,0,1,0,1,0,0,0,1,28,20,8,2,0,171,5,86,0,14,4,0.013812154696132596,1,2005-05-24 19:12:09,1116961929,4,6,14,28
2593,5,5,380,4,17,0,345,0.08157894736842106,362,13,0,1,2,1,0,1,0,0,0,6,362,13,0,1,2,1,0,1,0,0,0,10,22,15,7,3,0,183,5,96,0,10,2,0.013157894736842105,2,2005-05-24 19:13:09,1116961989,4,6,0,0
2594,6,2,348,4,18,0,327,0.06896551724137931,335,7,0,2,3,1,0,0,0,0,0,4,335,7,0,2,3,1,0,0,0,0,0,1,19,12,7,1,0,171,1,98,0,8,2,0.002873563218390805,1,2005-05-24 19:14:09,1116962049,4,7,8,16
2595,5,11,372,3,19,0,346,0.15053763440860216,354,6,0,3,2,3,2,0,0,2,0,8,354,6,0,3,2,3,2,0,0,2,0,2,18,12,6,6,0,172,0,108,0,12,0,0.0,0,2005-05-24 19:15:09,1116962109,3,6,5,10
2596,7,7,712,4,18,0,652,0.08286516853932584,678,20,0,8,3,2,0,1,0,0,0,6,678,20,0,8,3,2,0,1,0,0,0,8,43,25,18,9,0,191,2,164,0,24,7,0.002808988764044944,1,2005-05-24 19:16:09,1116962169,4,6,19,38
2597,7,9,404,4,17,0,359,0.12128712871287127,378,14,0,7,3,0,0,2,0,0,0,6,378,14,0,7,3,0,0,2,0,0,0,12,28,21,7,5,0,192,2,100,0,14,1,0.0049504950495049506,1,2005-05-24 19:17:09,1116962229,4,6,6,12
2598,88,78,1256,6,19,0,758,0.6119521912350597,797,272,0,104,65,8,1,5,0,1,2,9,797,272,0,104,65,8,1,5,0,1,2,1,495,457,38,1,1,522,0,564,0,10,3,0.0,0,2005-05-24 19:18:09,1116962289,3,6,6,12
2599,51,81,1382,5,17,0,820,0.5267727930535456,865,367,0,123,10,11,0,4,0,1,1,9,865,367,0,123,10,11,0,4,0,1,1,4,555,514,41,3,0,473,0,632,0,8,0,0.0,0,2005-05-24 19:19:09,1116962349,5,6,16,32
2600,13,4,400,4,19,0,356,0.2125,366,16,0,5,0,9,3,0,0,1,0,8,366,16,0,5,0,9,3,0,0,1,0,2,37,29,8,5,0,182,7,104,0,8,0,0.0175,1,2005-05-24 19:20:09,1116962409,4,9,9,18
2601,11,22,734,6,17,0,666,0.2070844686648501,696,7,0,4,9,1,0,15,0,2,0,8,696,7,0,4,9,1,0,15,0,2,0,20,46,36,10,2,0,199,1,166,0,18,4,0.0013623978201634875,1,2005-05-24 19:21:09,1116962469,6,8,10,20
2602,5,5,366,3,19,0,337,0.1092896174863388,352,3,0,4,3,3,0,0,0,1,0,8,352,3,0,4,3,3,0,0,0,1,0,6,21,13,8,2,0,177,0,94,0,12,2,0.0,0,2005-05-24 19:22:09,1116962529,3,8,5,10
2603,3,3,86,4,18,0,68,0.4651162790697674,74,3,0,5,1,2,0,0,0,0,0,16,74,3,0,5,1,2,0,0,0,0,0,2,16,12,4,0,0,39,3,54,0,4,2,0.034883720930232565,2,2005-05-24 19:23:09,1116962589,4,7,14,28
2604,4,13,390,4,17,0,346,0.12564102564102564,365,16,0,4,3,0,0,0,0,2,0,8,365,16,0,4,3,0,0,0,0,2,0,11,29,21,8,4,0,187,2,104,0,10,2,0.005128205128205128,1,2005-05-24 19:24:09,1116962649,4,6,8,16
2605,9,10,416,5,18,0,363,0.13253012048192772,383,13,0,16,2,1,0,0,0,0,0,4,383,13,0,16,2,1,0,0,0,0,0,10,42,32,10,0,1,187,12,118,0,16,2,0.02884615384615385,1,2005-05-24 19:25:09,1116962709,5,6,6,12
2606,12,8,380,8,17,0,340,0.16578947368421051,349,10,0,15,3,2,0,1,0,0,0,6,349,10,0,15,3,2,0,1,0,0,0,0,36,27,9,4,0,181,6,106,0,12,1,0.015789473684210527,1,2005-05-24 19:26:09,1116962769,4,7,14,28
2607,18,7,666,4,19,0,615,0.1036036036036036,632,17,0,11,3,0,1,0,0,2,0,8,632,17,0,11,3,0,1,0,0,2,0,7,43,33,10,1,0,181,0,144,0,18,5,0.0,0,2005-05-24 19:27:09,1116962829,4,6,19,38
2608,11,7,422,6,17,0,362,0.14928909952606634,387,17,0,14,2,1,0,0,0,1,0,8,387,17,0,14,2,1,0,0,0,1,0,16,39,30,9,5,0,194,5,124,0,10,2,0.011848341232227487,1,2005-05-24 19:28:09,1116962889,6,6,2,4
2609,7,11,392,4,19,0,345,0.16879795396419436,354,21,0,10,3,2,0,0,0,1,0,8,354,21,0,10,3,2,0,0,0,1,0,1,43,35,8,2,1,186,5,98,0,12,9,0.012755102040816329,1,2005-05-24 19:29:09,1116962949,4,6,6,12
2610,11,7,662,8,17,0,616,0.1027190332326284,632,13,0,9,0,6,1,0,0,1,0,8,632,13,0,9,0,6,1,0,0,1,0,5,40,29,11,1,0,184,5,174,0,8,2,0.007552870090634442,1,2005-05-24 19:30:09,1116963009,6,6,11,22
2611,9,9,378,19,19,0,339,0.1507936507936508,348,15,0,10,3,0,1,0,0,1,0,8,348,15,0,10,3,0,1,0,0,1,0,0,38,29,9,1,0,179,12,104,0,10,0,0.031746031746031744,2,2005-05-24 19:31:09,1116963069,5,6,2,4
2612,4,65,592,3,17,0,472,0.3401015228426396,520,5,0,7,58,0,0,0,0,1,0,8,520,5,0,7,58,0,0,0,0,1,0,12,103,67,36,4,1,232,0,100,0,8,3,0.0,0,2005-05-24 19:32:09,1116963129,3,8,13,26
2613,11,7,414,4,13,0,357,0.13526570048309178,385,12,0,12,3,1,0,0,1,0,0,7,385,12,0,12,3,1,0,0,1,0,0,9,43,26,17,5,0,184,2,118,0,12,4,0.004830917874396135,1,2005-05-24 19:33:09,1116963189,4,7,9,18
2614,68,10,790,5,17,0,672,0.31139240506329113,698,13,0,16,60,0,0,0,3,0,0,7,698,13,0,16,60,0,0,0,3,0,0,3,114,91,23,1,0,239,2,162,0,14,6,0.002531645569620253,1,2005-05-24 19:34:09,1116963249,4,7,15,30
2615,18,10,414,19,19,0,359,0.2222222222222222,381,15,0,1,2,11,1,2,0,1,0,8,381,15,0,1,2,11,1,2,0,1,0,16,35,29,6,4,0,198,0,98,0,14,0,0.0,0,2005-05-24 19:35:09,1116963309,5,7,7,14
2616,7,14,424,4,13,0,365,0.18396226415094336,371,42,0,5,1,2,3,0,0,0,0,5,371,42,0,5,1,2,3,0,0,0,0,0,58,52,6,1,0,194,1,98,0,8,0,0.0023584905660377358,1,2005-05-24 19:36:09,1116963369,4,6,6,12
2617,4,6,336,4,17,0,318,0.08333333333333333,325,4,0,3,2,1,0,0,0,1,0,8,325,4,0,3,2,1,0,0,0,1,0,1,13,7,6,4,0,168,0,76,0,6,0,0.0,0,2005-05-24 19:37:09,1116963429,4,6,4,8
2618,6,6,356,4,19,0,324,0.16853932584269662,334,9,0,5,3,1,1,0,1,2,0,8,334,9,0,5,3,1,1,0,1,2,0,2,28,20,8,2,0,170,3,110,0,4,2,0.008426966292134831,1,2005-05-24 19:38:09,1116963489,4,7,21,42
2619,4,8,380,6,17,0,334,0.11873350923482848,359,10,0,4,1,4,0,0,0,1,0,8,359,10,0,4,1,4,0,0,0,1,0,19,20,14,6,6,1,178,3,86,0,12,0,0.007894736842105262,1,2005-05-24 19:39:09,1116963549,6,6,11,22
2620,8,8,384,4,11,0,345,0.12303664921465968,355,14,0,10,1,1,0,1,0,0,0,6,355,14,0,10,1,1,0,1,0,0,0,1,33,24,9,3,2,184,11,110,0,12,2,0.028645833333333325,2,2005-05-24 19:40:09,1116963609,4,6,2,4
2621,13,11,714,4,18,0,662,0.11624649859943978,678,15,0,14,2,2,0,1,0,0,1,11,678,15,0,14,2,2,0,1,0,0,1,5,45,34,11,2,0,188,0,170,0,18,0,0.0,0,2005-05-24 19:41:09,1116963669,4,8,16,32
2622,13,10,392,19,19,0,358,0.15816326530612246,364,13,0,8,3,2,0,0,0,2,0,8,364,13,0,8,3,2,0,0,0,2,0,0,32,26,6,2,0,178,4,100,0,14,1,0.010204081632653059,1,2005-05-24 19:42:09,1116963729,7,7,2,4
2623,8,7,102,4,17,0,69,0.4019607843137255,83,10,0,2,3,2,2,0,0,0,0,5,83,10,0,2,3,2,2,0,0,0,0,10,20,16,4,3,0,39,0,38,0,12,3,0.0,0,2005-05-24 19:43:09,1116963789,4,6,3,6
2624,3,14,376,5,17,0,347,0.19946808510638295,351,5,0,6,1,10,3,0,0,0,0,5,351,5,0,6,1,10,3,0,0,0,0,0,27,23,4,2,0,177,2,82,0,8,0,0.0053191489361702135,1,2005-05-24 19:44:09,1116963849,5,6,5,10
2625,17,4,402,5,19,0,359,0.14463840399002495,373,6,0,16,4,2,0,0,0,0,0,4,373,6,0,16,4,2,0,0,0,0,0,4,37,27,10,1,1,189,3,116,0,6,4,0.00746268656716418,1,2005-05-24 19:45:09,1116963909,3,8,12,24
2626,12,13,380,19,19,0,334,0.3105263157894737,342,15,2,9,4,0,4,1,0,0,3,10,342,15,2,9,4,0,4,1,0,0,3,0,40,32,8,6,0,174,5,108,0,10,5,0.013157894736842105,1,2005-05-24 19:46:09,1116963969,7,10,16,32
2627,13,6,468,17,17,0,407,0.1794871794871795,438,16,0,5,2,1,0,0,0,6,0,8,438,16,0,5,2,1,0,0,0,6,0,22,39,30,9,0,0,207,0,100,0,16,3,0.0,0,2005-05-24 19:47:09,1116964029,5,7,5,10
2628,13,24,460,9,19,0,388,0.4260869565217391,402,19,0,10,10,1,8,0,3,1,6,9,402,19,0,10,10,1,8,0,3,1,6,3,64,53,11,5,0,193,4,136,0,12,4,0.008695652173913044,2,2005-05-24 19:48:09,1116964089,5,7,17,34
2629,11,6,650,6,17,0,610,0.1093990755007704,626,3,0,7,6,3,0,4,0,0,0,6,626,3,0,7,6,3,0,4,0,0,0,8,27,19,8,4,1,176,5,144,0,10,0,0.007692307692307694,1,2005-05-24 19:49:09,1116964149,6,7,13,26
2630,11,11,438,4,19,0,374,0.2374429223744292,397,10,0,11,12,7,0,0,0,1,0,8,397,10,0,11,12,7,0,0,0,1,0,10,50,37,13,4,0,197,4,118,0,18,0,0.0091324200913242,1,2005-05-24 19:50:09,1116964209,4,7,9,18
2631,4,2,346,4,11,0,322,0.1184971098265896,332,6,0,3,1,1,2,0,0,0,0,12,332,6,0,3,1,1,2,0,0,0,0,2,21,13,8,1,0,172,0,82,0,8,2,0.0,0,2005-05-24 19:51:09,1116964269,4,6,0,0
2632,8,14,408,3,17,0,362,0.23832923832923836,375,10,0,8,1,2,8,2,0,1,0,8,375,10,0,8,1,2,8,2,0,1,0,0,42,29,13,3,1,180,3,104,0,16,2,0.007352941176470587,1,2005-05-24 19:52:09,1116964329,3,6,5,10
2633,10,7,612,5,11,0,573,0.07201309328968904,587,12,0,6,4,2,0,0,0,0,0,4,587,12,0,6,4,2,0,0,0,0,0,0,38,24,14,0,1,175,0,150,0,12,2,0.0,0,2005-05-24 19:53:09,1116964389,5,6,17,34
2634,7,10,422,3,17,0,369,0.13744075829383887,392,17,0,7,2,1,1,2,0,0,0,6,392,17,0,7,2,1,1,2,0,0,0,17,32,26,6,4,0,194,0,112,0,12,1,0.0,0,2005-05-24 19:54:09,1116964449,3,6,11,22
2635,34,8,464,4,19,0,396,0.3728448275862069,415,11,0,12,5,6,0,12,0,2,0,11,415,11,0,12,5,6,0,12,0,2,0,10,54,47,7,4,0,209,9,122,0,18,3,0.01939655172413793,2,2005-05-24 19:55:09,1116964509,4,7,2,4
2636,2,17,390,4,17,0,350,0.18461538461538465,366,5,1,10,1,5,0,1,0,1,0,10,366,5,1,10,1,5,0,1,0,1,0,1,34,20,14,5,0,189,0,108,0,10,0,0.0,0,2005-05-24 19:56:09,1116964569,4,7,4,8
2637,9,6,386,4,19,0,349,0.15544041450777202,361,10,0,8,2,2,0,2,0,1,0,8,361,10,0,8,2,2,0,2,0,1,0,1,35,24,11,1,0,176,0,100,0,14,3,0.0,0,2005-05-24 19:57:09,1116964629,4,7,14,28
2638,10,8,106,4,17,0,59,0.5566037735849056,75,19,0,4,5,1,1,0,0,1,0,8,75,19,0,4,5,1,1,0,0,1,0,10,32,26,6,5,0,46,7,46,0,10,3,0.0660377358490566,1,2005-05-24 19:58:09,1116964689,4,7,6,12
2639,14,7,712,4,19,0,661,0.1095505617977528,676,18,0,8,5,1,1,2,0,1,0,8,676,18,0,8,5,1,1,2,0,1,0,2,43,30,13,6,0,187,1,174,0,14,2,0.001404494382022472,1,2005-05-24 19:59:09,1116964749,4,6,12,24
2640,9,22,444,6,18,0,379,0.30180180180180183,399,19,0,7,3,3,4,5,2,2,0,8,399,19,0,7,3,3,4,5,2,2,0,8,45,33,12,12,0,199,2,114,0,16,15,0.0045045045045045045,1,2005-05-24 20:00:09,1116964809,6,9,15,30
2641,11,8,392,4,19,0,351,0.1683673469387755,367,10,0,4,4,3,2,1,0,1,0,8,367,10,0,4,4,3,2,1,0,1,0,11,27,22,5,3,0,191,0,100,0,14,6,0.0,0,2005-05-24 20:01:09,1116964869,4,7,5,10
2642,11,6,588,9,17,0,560,0.08673469387755102,568,7,0,5,4,1,2,0,0,1,0,8,568,7,0,5,4,1,2,0,0,1,0,2,23,17,6,3,0,163,4,136,0,6,1,0.006802721088435374,1,2005-05-24 20:02:09,1116964929,5,6,19,38
2643,5,11,394,5,19,0,352,0.13740458015267176,371,9,0,5,3,2,2,0,0,1,0,8,371,9,0,5,3,2,2,0,0,1,0,12,28,21,7,1,1,181,11,110,0,12,0,0.027918781725888325,1,2005-05-24 20:03:09,1116964989,5,6,2,4
2644,5,4,344,3,11,0,322,0.10755813953488373,331,5,0,0,3,2,3,0,0,0,0,5,331,5,0,0,3,2,3,0,0,0,0,1,18,10,8,3,0,163,0,96,0,2,0,0.0,0,2005-05-24 20:04:09,1116965049,3,6,21,42
2645,13,8,400,4,17,0,346,0.1375,374,14,0,6,3,0,1,0,1,1,0,8,374,14,0,6,3,0,1,0,1,1,0,18,33,23,10,3,0,189,0,96,0,10,2,0.0,0,2005-05-24 20:05:09,1116965109,4,9,8,16
2646,7,6,386,4,17,0,343,0.1865284974093264,355,18,0,6,3,2,0,0,0,0,0,13,355,18,0,6,3,2,0,0,0,0,0,4,37,29,8,2,0,189,6,96,0,10,2,0.015544041450777204,3,2005-05-24 20:06:09,1116965169,4,6,7,14
2647,8,7,454,4,19,0,406,0.15638766519823788,417,27,0,4,1,2,0,0,0,2,1,9,417,27,0,4,1,2,0,0,0,2,1,1,42,32,10,5,0,184,10,128,0,18,0,0.022026431718061675,3,2005-05-24 20:07:09,1116965229,4,7,11,22
2648,6,1,372,4,11,0,337,0.12096774193548387,343,21,0,3,3,1,1,0,0,0,0,5,343,21,0,3,3,1,1,0,0,0,0,2,29,25,4,4,0,180,9,88,0,8,0,0.024193548387096774,1,2005-05-24 20:08:09,1116965289,4,8,16,32
2649,17,6,424,8,17,0,366,0.24056603773584906,389,15,0,5,7,0,0,6,0,1,0,12,389,15,0,5,7,0,0,6,0,1,0,15,40,32,8,3,0,199,1,126,0,16,1,0.0023584905660377358,1,2005-05-24 20:09:09,1116965349,4,7,6,12
2650,3,12,382,4,19,0,349,0.20418848167539266,358,7,0,5,3,2,0,6,0,1,0,8,358,7,0,5,3,2,0,6,0,1,0,2,31,24,7,0,0,183,0,110,0,6,2,0.0,0,2005-05-24 20:10:09,1116965409,4,7,1,2
2651,11,2,650,4,11,0,611,0.061538461538461535,625,15,0,6,3,1,0,0,0,0,0,4,625,15,0,6,3,1,0,0,0,0,0,0,34,20,14,5,0,179,5,142,0,12,2,0.007692307692307694,1,2005-05-24 20:11:09,1116965469,4,6,9,18
2652,15,5,396,5,17,0,337,0.2868020304568528,355,19,0,9,2,2,0,0,0,5,0,11,355,19,0,9,2,2,0,0,0,5,0,6,49,37,12,2,2,189,0,116,0,6,3,0.0,0,2005-05-24 20:12:09,1116965529,5,8,23,46
2653,20,30,536,4,17,0,431,0.44485981308411215,461,24,1,15,5,7,10,8,0,3,1,10,461,24,1,15,5,7,10,8,0,3,1,21,81,73,8,2,1,222,5,178,0,20,5,0.009328358208955223,1,2005-05-24 20:13:09,1116965589,4,8,8,16
2654,8,5,436,5,19,0,384,0.19036697247706424,397,23,0,6,4,1,0,4,0,1,0,8,397,23,0,6,4,1,0,4,0,1,0,2,48,37,11,2,0,198,0,124,0,14,6,0.0,0,2005-05-24 20:14:09,1116965649,5,6,2,4
2655,16,2,446,4,12,0,409,0.17040358744394618,421,7,1,4,6,5,1,0,0,1,0,10,421,7,1,4,6,5,1,0,0,1,0,1,34,23,11,2,0,182,0,142,0,6,0,0.0,0,2005-05-24 20:15:09,1116965709,4,7,14,28
2656,30,20,456,5,19,0,382,0.3618421052631579,404,7,0,26,7,1,0,1,5,5,0,8,404,7,0,26,7,1,0,1,5,5,0,11,61,50,11,2,0,208,1,124,0,16,4,0.0021929824561403508,1,2005-05-24 20:16:09,1116965769,5,9,6,12
2657,8,7,440,3,13,0,377,0.21818181818181814,388,35,0,10,2,2,0,0,0,0,3,9,388,35,0,10,2,2,0,0,0,0,3,3,55,47,8,5,0,198,0,112,0,6,0,0.0,0,2005-05-24 20:17:09,1116965829,3,8,11,22
2658,10,7,370,3,20,0,330,0.16216216216216214,344,7,0,11,5,2,0,0,0,1,0,8,344,7,0,11,5,2,0,0,0,1,0,6,30,22,8,4,0,175,2,108,0,12,2,0.005405405405405407,1,2005-05-24 20:18:09,1116965889,3,8,13,26
2659,7,7,428,4,19,0,383,0.15654205607476634,407,8,0,7,1,2,0,0,0,2,0,18,407,8,0,7,1,2,0,0,0,2,0,8,36,20,16,1,0,177,1,122,0,12,2,0.002336448598130841,1,2005-05-24 20:19:09,1116965949,4,6,14,28
2660,4,26,442,9,17,0,385,0.3076923076923077,400,10,1,9,9,4,4,1,3,1,0,10,400,10,1,9,9,4,4,1,3,1,0,11,39,35,4,7,0,208,2,124,0,8,1,0.004524886877828055,1,2005-05-24 20:20:09,1116966009,5,7,2,4
2661,17,10,438,9,19,0,367,0.40825688073394495,376,21,1,11,13,4,5,0,3,1,0,16,376,21,1,11,13,4,5,0,3,1,0,1,63,55,8,5,2,203,3,140,0,10,2,0.00684931506849315,1,2005-05-24 20:21:09,1116966069,4,6,5,10
2662,16,11,972,3,17,0,846,0.15329218106995884,922,19,0,12,6,1,3,0,5,2,2,9,922,19,0,12,6,1,3,0,5,2,2,1,123,48,75,2,0,475,22,196,0,16,1,0.022633744855967083,1,2005-05-24 20:22:09,1116966129,3,8,3,6
2663,19,18,1956,8,18,0,1884,0.08333333333333333,1901,20,0,14,4,1,4,10,1,0,0,12,1901,20,0,14,4,1,4,10,1,0,0,1,70,54,16,1,0,503,19,384,0,18,2,0.009713701431492843,1,2005-05-24 20:23:09,1116966189,4,9,22,44
2664,9,7,1588,17,17,0,1537,0.03778337531486146,1560,10,0,11,1,5,1,0,0,0,0,5,1560,10,0,11,1,5,1,0,0,0,0,11,39,27,12,1,0,488,5,268,0,20,3,0.0031486146095717885,1,2005-05-24 20:24:09,1116966249,5,8,4,8
2665,8,6,1034,4,18,0,995,0.052274927395934166,1009,13,0,4,2,1,1,3,0,0,0,6,1009,13,0,4,2,1,1,3,0,0,0,0,36,22,14,2,1,486,3,212,0,24,4,0.0029013539651837525,1,2005-05-24 20:25:09,1116966309,4,7,4,8
2666,8,3,978,4,17,0,934,0.033776867963152504,954,16,0,5,1,1,0,0,0,0,0,4,954,16,0,5,1,1,0,0,0,0,0,8,34,22,12,1,1,482,1,190,0,8,4,0.0010224948875255623,1,2005-05-24 20:26:09,1116966369,4,7,13,26
2667,4,5,348,3,17,0,322,0.10919540229885058,329,14,0,2,0,2,0,0,0,0,0,12,329,14,0,2,0,2,0,0,0,0,0,1,22,16,6,3,0,169,0,84,0,8,0,0.0,0,2005-05-24 20:27:09,1116966429,3,6,2,4
2668,4,7,378,4,19,0,342,0.08201058201058199,361,11,0,4,0,1,0,0,0,1,0,8,361,11,0,4,0,1,0,0,0,1,0,10,23,14,9,3,0,182,1,92,0,10,0,0.002645502645502645,1,2005-05-24 20:28:09,1116966489,4,6,2,4
2669,6,8,406,6,19,0,368,0.16995073891625614,379,10,0,4,9,2,0,0,0,2,0,8,379,10,0,4,9,2,0,0,0,2,0,1,34,24,10,3,0,182,0,104,0,14,0,0.0,0,2005-05-24 20:29:09,1116966549,5,7,5,10
2670,7,6,398,4,17,0,357,0.1934673366834171,373,5,0,8,4,3,0,4,0,1,0,8,373,5,0,8,4,3,0,4,0,1,0,4,36,24,12,1,0,183,0,108,0,14,0,0.0,0,2005-05-24 20:30:09,1116966609,4,7,25,50
2671,6,6,410,7,19,0,364,0.15365853658536585,392,5,0,5,2,2,0,0,0,2,2,9,392,5,0,5,2,2,0,0,0,2,2,20,21,13,8,5,0,194,0,114,0,12,0,0.0,0,2005-05-24 20:31:09,1116966669,7,8,2,4
2672,4,9,388,7,17,0,338,0.24742268041237114,347,21,0,3,13,1,0,0,0,1,2,9,347,21,0,3,13,1,0,0,0,1,2,3,41,35,6,6,0,180,2,102,0,4,0,0.005154639175257732,1,2005-05-24 20:32:09,1116966729,7,8,11,22
2673,27,12,448,6,14,0,382,0.2566964285714285,395,30,0,6,7,4,3,1,1,1,0,8,395,30,0,6,7,4,3,1,1,1,0,8,54,49,5,4,0,201,2,114,0,8,0,0.004464285714285714,1,2005-05-24 20:33:09,1116966789,6,8,2,4
2674,10,26,418,4,12,0,351,0.2254196642685851,361,25,0,27,1,3,0,0,0,0,0,4,361,25,0,27,1,3,0,0,0,0,0,3,61,54,7,2,1,184,6,106,0,4,0,0.014354066985645932,1,2005-05-24 20:34:09,1116966849,4,8,26,52
2675,11,13,446,9,17,0,378,0.16216216216216214,409,16,0,11,3,3,1,0,0,1,0,8,409,16,0,11,3,3,1,0,0,1,0,22,37,28,9,7,2,199,16,132,0,14,1,0.035874439461883414,2,2005-05-24 20:35:09,1116966909,5,10,11,22
2676,10,3,652,4,18,0,623,0.08895705521472393,634,8,0,3,0,2,0,1,3,0,1,9,634,8,0,3,0,2,0,1,3,0,1,1,25,15,10,3,0,173,5,148,0,12,2,0.007668711656441719,1,2005-05-24 20:36:09,1116966969,4,7,12,24
2677,3,10,388,5,20,0,351,0.19845360824742267,364,15,0,1,1,1,0,1,3,0,0,13,364,15,0,1,1,1,0,1,3,0,0,6,25,18,7,6,0,181,5,106,0,10,1,0.01288659793814433,1,2005-05-24 20:37:09,1116967029,5,6,3,6
2678,6,4,350,4,14,0,311,0.1457142857142857,329,9,0,6,3,1,0,0,0,1,1,9,329,9,0,6,3,1,0,0,0,1,1,3,32,17,15,4,0,170,3,98,0,6,4,0.008571428571428572,1,2005-05-24 20:38:09,1116967089,4,5,50,100
2679,46,15,502,4,18,0,409,0.5498007968127491,432,11,0,8,8,1,39,0,1,1,0,11,432,11,0,8,8,1,39,0,1,1,0,12,39,28,11,42,0,232,7,110,0,12,3,0.013944223107569721,1,2005-05-24 20:39:09,1116967149,4,6,3,6
2680,18,55,824,3,18,0,720,0.366504854368932,737,16,0,20,4,5,39,2,1,0,0,7,737,16,0,20,4,5,39,2,1,0,0,1,99,84,15,4,0,237,11,190,0,20,4,0.013349514563106795,2,2005-05-24 20:40:09,1116967209,3,8,7,14
2681,24,18,430,4,17,0,372,0.2790697674418605,379,8,0,30,8,0,4,0,0,1,0,8,379,8,0,30,8,0,4,0,0,1,0,0,57,50,7,1,0,200,14,110,0,10,0,0.03255813953488372,1,2005-05-24 20:41:09,1116967269,4,7,22,44
2682,10,14,416,4,20,0,360,0.21153846153846154,380,13,0,10,8,2,2,0,0,0,0,13,380,13,0,10,8,2,2,0,0,0,0,11,39,30,9,6,0,201,2,112,0,10,5,0.004807692307692308,1,2005-05-24 20:42:09,1116967329,4,7,3,6
2683,4,6,354,3,17,0,332,0.11581920903954802,339,5,0,6,1,2,0,0,0,0,0,13,339,5,0,6,1,2,0,0,0,0,0,1,19,13,6,2,0,171,0,88,0,10,0,0.0,0,2005-05-24 20:43:09,1116967389,3,7,8,16
2684,4,2,672,4,11,0,627,0.055059523809523815,644,22,0,4,1,1,0,0,0,0,0,4,644,22,0,4,1,1,0,0,0,0,0,3,40,26,14,2,0,185,13,152,0,14,0,0.019345238095238096,2,2005-05-24 20:44:09,1116967449,4,6,5,10
2685,18,16,506,3,19,0,442,0.20553359683794467,455,20,0,18,8,4,0,0,0,1,0,8,455,20,0,18,8,4,0,0,0,1,0,5,54,46,8,5,0,238,1,136,0,10,2,0.001976284584980237,1,2005-05-24 20:45:09,1116967509,3,6,21,42
2686,20,23,514,3,17,0,425,0.3521400778210117,446,23,0,27,3,2,7,0,0,2,4,9,446,23,0,27,3,2,7,0,0,2,4,13,62,54,8,14,0,238,0,122,0,12,5,0.0,0,2005-05-24 20:46:09,1116967569,3,6,10,20
2687,38,19,756,5,19,0,676,0.28079470198675505,697,9,0,11,3,20,2,11,0,2,0,8,697,9,0,11,3,20,2,11,0,2,0,7,70,56,14,2,1,206,2,182,0,20,2,0.002645502645502645,1,2005-05-24 20:47:09,1116967629,5,6,9,18
2688,9,3,406,4,17,0,380,0.1354679802955665,386,3,0,9,4,1,2,0,0,1,0,8,386,3,0,9,4,1,2,0,0,1,0,0,23,17,6,3,0,187,0,100,0,12,2,0.0,0,2005-05-24 20:48:09,1116967689,4,8,1,2
2689,2,4,342,3,19,0,325,0.08187134502923976,333,4,0,2,0,1,0,0,0,2,0,8,333,4,0,2,0,1,0,0,0,2,0,1,16,9,7,0,0,167,0,78,0,10,0,0.0,0,2005-05-24 20:49:09,1116967749,3,11,14,28
2690,7,5,384,9,17,0,341,0.17232375979112272,365,2,0,5,1,5,1,3,0,1,0,8,365,2,0,5,1,5,1,3,0,1,0,12,27,15,12,3,1,185,0,94,0,12,2,0.0,0,2005-05-24 20:50:09,1116967809,6,7,8,16
2691,9,9,382,4,19,0,349,0.16052631578947368,358,6,0,7,4,2,0,1,1,1,0,8,358,6,0,7,4,2,0,1,1,1,0,2,26,19,7,3,2,184,9,106,0,12,0,0.02356020942408377,1,2005-05-24 20:51:09,1116967869,4,8,0,0
2692,27,28,750,4,29,0,665,0.2906666666666667,685,24,0,25,2,9,0,0,0,1,0,24,685,24,0,25,2,9,0,0,0,1,0,8,76,64,12,1,0,206,5,164,0,16,4,0.006666666666666667,1,2005-05-24 20:52:09,1116967929,4,7,6,12
2693,18,22,820,5,29,0,732,0.25609756097560976,757,22,0,12,4,17,1,3,1,1,0,23,757,22,0,12,4,17,1,3,1,1,0,13,75,63,12,0,0,253,0,188,2,14,2,0.0,0,2005-05-24 20:53:09,1116967989,5,8,14,28
2694,8,12,488,4,29,0,406,0.2377049180327869,415,53,0,11,3,1,4,0,0,1,0,8,415,53,0,11,3,1,4,0,0,1,0,2,78,71,7,2,0,229,10,104,0,16,0,0.020491803278688527,2,2005-05-24 20:54:09,1116968049,4,7,9,18
2695,51,12,580,4,11,0,441,0.2913793103448276,453,103,0,17,2,2,0,3,0,0,0,6,453,103,0,17,2,2,0,3,0,0,0,1,137,126,11,1,0,230,7,114,0,10,2,0.01206896551724138,1,2005-05-24 20:55:09,1116968109,4,6,0,0
2696,10,16,418,4,11,0,378,0.19664268585131892,385,10,0,0,18,2,2,0,0,0,0,5,385,10,0,0,18,2,2,0,0,0,0,1,37,31,6,1,1,192,2,96,0,8,0,0.004784688995215311,1,2005-05-24 20:56:09,1116968169,4,7,17,34
2697,9,5,394,4,17,0,350,0.16751269035532995,361,16,0,9,4,0,4,0,0,0,0,5,361,16,0,9,4,0,4,0,0,0,0,3,33,25,8,8,0,186,2,100,0,12,2,0.005076142131979695,1,2005-05-24 20:57:09,1116968229,4,7,9,18
2698,29,9,434,4,11,0,360,0.2534562211981567,384,12,0,27,5,1,5,0,0,0,0,5,384,12,0,27,5,1,5,0,0,0,0,17,57,50,7,0,0,209,20,114,0,10,3,0.04608294930875576,2,2005-05-24 20:58:09,1116968289,4,7,10,20
2699,8,8,436,4,17,0,385,0.1972477064220184,399,14,0,17,1,3,0,0,1,0,0,16,399,14,0,17,1,3,0,0,1,0,0,6,40,32,8,5,0,199,5,120,0,10,2,0.01146788990825688,1,2005-05-24 20:59:09,1116968349,4,6,10,20
2700,28,17,530,3,17,0,452,0.3641509433962264,463,19,1,19,6,7,13,0,1,1,0,10,463,19,1,19,6,7,13,0,1,1,0,0,65,54,11,13,0,220,11,164,0,20,1,0.020754716981132074,1,2005-05-24 21:00:09,1116968409,3,7,24,48
2701,9,10,442,12,17,0,379,0.21040723981900453,397,25,0,8,4,5,0,2,0,1,0,8,397,25,0,8,4,5,0,2,0,1,0,11,44,37,7,8,0,206,5,122,0,10,3,0.011312217194570135,1,2005-05-24 21:01:09,1116968469,6,7,6,12
2702,7,7,364,4,18,0,341,0.14049586776859505,347,4,1,5,3,1,1,0,0,0,1,10,347,4,1,5,3,1,1,0,0,0,1,0,22,16,6,0,1,172,8,86,0,8,0,0.02197802197802198,2,2005-05-24 21:02:09,1116968529,4,6,9,18
2703,10,14,378,4,17,0,341,0.24338624338624334,351,5,1,8,4,2,4,0,3,0,0,10,351,5,1,8,4,2,4,0,3,0,0,1,32,23,9,4,0,180,4,106,0,10,0,0.01058201058201058,1,2005-05-24 21:03:09,1116968589,4,6,7,14
2704,15,8,386,4,11,0,348,0.2415584415584416,357,6,0,8,1,4,5,1,3,0,0,7,357,6,0,8,1,4,5,1,3,0,0,1,33,25,8,3,1,186,3,104,0,10,1,0.007772020725388602,1,2005-05-24 21:04:09,1116968649,4,7,13,26
2705,18,41,484,4,18,0,383,0.5082644628099173,412,13,0,34,2,3,0,2,9,9,0,8,412,13,0,34,2,3,0,2,9,9,0,17,71,59,12,13,0,222,15,124,0,14,2,0.03099173553719008,1,2005-05-24 21:05:09,1116968709,4,9,2,4
2706,23,5,740,8,18,0,680,0.1527027027027027,697,17,0,10,8,0,0,5,2,1,0,8,697,17,0,10,8,0,0,5,2,1,0,3,55,41,14,2,0,188,0,182,0,18,2,0.0,0,2005-05-24 21:06:09,1116968769,4,6,8,16
2707,5,23,406,4,17,0,371,0.2660098522167488,375,8,0,2,9,4,0,4,3,1,0,8,375,8,0,2,9,4,0,4,3,1,0,0,32,28,4,3,0,189,2,108,0,8,0,0.0049261083743842365,1,2005-05-24 21:07:09,1116968829,4,6,13,26
2708,23,13,152,8,15,0,108,0.5761589403973509,114,7,0,24,0,2,0,4,0,0,0,6,114,7,0,24,0,2,0,4,0,0,0,1,41,36,5,1,1,60,2,62,0,6,0,0.013157894736842105,1,2005-05-24 21:08:09,1116968889,4,6,10,20
2709,10,16,410,5,19,0,355,0.2365853658536585,380,9,1,9,2,1,0,7,0,1,0,10,380,9,1,9,2,1,0,7,0,1,0,19,34,28,6,2,0,194,1,112,0,10,0,0.0024390243902439024,1,2005-05-24 21:09:09,1116968949,5,9,8,16
2710,5,8,360,4,17,0,326,0.14484679665738162,338,8,0,8,0,2,0,2,0,1,0,8,338,8,0,8,0,2,0,2,0,1,0,6,24,18,6,3,1,172,1,98,0,6,0,0.0027777777777777783,1,2005-05-24 21:10:09,1116969009,4,8,9,18
2711,9,7,398,4,19,0,338,0.21662468513853905,366,17,0,3,3,3,1,1,0,2,0,15,366,17,0,3,3,3,1,1,0,2,0,9,46,27,19,4,1,179,3,102,0,12,0,0.007537688442211055,1,2005-05-24 21:11:09,1116969069,4,9,15,30
2712,26,67,586,7,20,0,453,0.4863481228668942,472,23,1,65,8,10,1,2,1,2,0,18,472,23,1,65,8,10,1,2,1,2,0,11,117,109,8,5,0,248,2,162,0,18,0,0.0034129692832764505,1,2005-05-24 21:12:09,1116969129,7,8,7,14
2713,7,2,344,4,18,0,327,0.12209302325581395,332,3,1,5,0,1,0,1,0,0,1,10,332,3,1,5,0,1,0,1,0,0,1,1,15,11,4,1,0,167,0,78,0,12,1,0.0,0,2005-05-24 21:13:09,1116969189,4,7,3,6
2714,1,12,362,3,19,0,332,0.15193370165745854,339,10,0,5,5,1,0,0,0,2,0,8,339,10,0,5,5,1,0,0,0,2,0,1,26,20,6,3,0,178,0,80,0,12,1,0.0,0,2005-05-24 21:14:09,1116969249,3,7,2,4
2715,10,2,378,6,17,0,350,0.12962962962962962,357,11,1,4,2,2,0,1,0,0,0,10,357,11,1,4,2,2,0,1,0,0,0,1,24,18,6,3,0,181,4,90,0,10,0,0.01058201058201058,1,2005-05-24 21:15:09,1116969309,6,12,17,34
2716,74,11,904,4,19,0,733,0.25442477876106195,753,109,1,29,6,2,1,1,0,2,0,10,753,109,1,29,6,2,1,1,0,2,0,12,157,149,8,2,0,266,8,192,0,8,0,0.008849557522123894,1,2005-05-24 21:16:09,1116969369,4,9,1,2
2717,9,31,454,5,19,0,390,0.3171806167400881,403,11,0,25,3,2,1,5,1,3,0,8,403,11,0,25,3,2,1,5,1,3,0,5,55,47,8,4,0,203,8,144,0,12,0,0.01762114537444934,1,2005-05-24 21:17:09,1116969429,5,9,9,18
2718,7,5,364,14,17,0,341,0.1510989010989011,348,7,0,3,2,1,0,0,0,1,1,15,348,7,0,3,2,1,0,0,0,1,1,1,19,13,6,3,0,172,0,84,0,10,2,0.0,0,2005-05-24 21:18:09,1116969489,8,8,5,10
2719,26,11,712,4,19,0,642,0.16573033707865167,658,17,1,28,3,3,0,1,0,1,0,10,658,17,1,28,3,3,0,1,0,1,0,2,62,48,14,6,0,211,4,188,0,10,3,0.005617977528089888,2,2005-05-24 21:19:09,1116969549,4,7,15,30
2720,15,9,432,7,17,0,376,0.21296296296296294,396,13,1,12,1,7,0,1,0,1,0,10,396,13,1,12,1,7,0,1,0,1,0,10,45,35,10,1,0,197,2,118,0,16,2,0.0046296296296296285,1,2005-05-24 21:20:09,1116969609,7,8,2,4
2721,6,72,594,4,11,0,451,0.4080944350758853,462,50,0,58,19,3,0,0,1,0,0,7,462,50,0,58,19,3,0,0,1,0,0,0,140,129,11,2,1,241,1,114,0,10,0,0.0016835016835016836,1,2005-05-24 21:21:09,1116969669,4,8,4,8
2722,6,4,386,4,19,0,346,0.16839378238341968,357,20,0,1,3,2,0,0,1,1,0,11,357,20,0,1,3,2,0,0,1,1,0,5,33,27,6,2,0,185,0,98,0,8,1,0.0,0,2005-05-24 21:22:09,1116969729,4,8,9,18
2723,7,17,726,4,17,0,671,0.1418732782369146,683,22,0,7,2,3,7,1,0,1,0,8,683,22,0,7,2,3,7,1,0,1,0,4,45,37,8,6,0,199,9,168,0,18,1,0.012396694214876032,2,2005-05-24 21:23:09,1116969789,4,7,17,34
2724,16,4,390,6,18,0,349,0.20308483290488435,365,9,2,3,4,2,0,4,0,0,0,10,365,9,2,3,4,2,0,4,0,0,0,10,29,23,6,1,1,190,5,106,0,10,0,0.01282051282051282,2,2005-05-24 21:24:09,1116969849,6,11,10,20
2725,12,19,394,4,15,0,341,0.27918781725888325,359,5,0,15,5,1,0,8,0,1,0,8,359,5,0,15,5,1,0,8,0,1,0,8,44,34,10,1,0,181,2,116,0,10,2,0.005076142131979695,1,2005-05-24 21:25:09,1116969909,4,12,2,4
2726,15,10,380,8,19,0,345,0.2736842105263158,353,5,1,3,9,1,0,5,2,1,0,10,353,5,1,3,9,1,0,5,2,1,0,2,32,26,6,1,0,178,0,116,0,8,0,0.0,0,2005-05-24 21:26:09,1116969969,4,8,13,26
2727,6,17,306,4,17,0,272,0.3562091503267974,279,4,1,7,3,1,2,6,2,1,0,10,279,4,1,7,3,1,2,6,2,1,0,0,30,23,7,4,0,139,6,78,0,10,0,0.0196078431372549,2,2005-05-24 21:27:09,1116970029,4,6,7,14
2728,6,9,404,4,19,0,350,0.1782178217821782,370,23,1,4,1,2,0,2,0,1,0,10,370,23,1,4,1,2,0,2,0,1,0,12,32,24,8,10,0,195,3,100,0,10,0,0.007425742574257425,2,2005-05-24 21:28:09,1116970089,4,7,4,8
2729,15,39,484,4,17,0,406,0.3760330578512397,417,17,0,21,10,7,9,2,0,1,0,8,417,17,0,21,10,7,9,2,0,1,0,5,68,62,6,5,0,221,2,116,0,12,0,0.004132231404958678,1,2005-05-24 21:29:09,1116970149,4,6,0,0
2730,31,28,808,4,19,0,723,0.2896039603960396,735,17,2,20,9,15,0,5,2,1,2,10,735,17,2,20,9,15,0,5,2,1,2,2,80,70,10,3,0,215,3,218,0,14,0,0.003712871287128713,1,2005-05-24 21:30:09,1116970209,4,7,23,46
2731,18,22,484,5,19,0,407,0.37422037422037424,430,16,0,9,11,3,0,7,0,2,0,16,430,16,0,9,11,3,0,7,0,2,0,13,60,50,10,1,3,213,5,132,0,18,2,0.010330578512396695,1,2005-05-24 21:31:09,1116970269,5,7,5,10
2732,30,15,458,6,19,0,378,0.4352678571428572,386,21,1,22,6,2,0,4,0,1,0,16,386,21,1,22,6,2,0,4,0,1,0,0,69,61,8,1,10,218,10,128,0,8,2,0.021834061135371174,1,2005-05-24 21:32:09,1116970329,6,7,5,10
2733,13,33,454,17,30,0,382,0.420704845814978,392,28,1,21,2,2,1,1,0,1,0,20,392,28,1,21,2,2,1,1,0,1,0,1,71,62,9,0,0,215,0,126,0,12,2,0.0,0,2005-05-24 21:33:09,1116970389,3,7,13,26
2734,9,2,368,4,19,0,338,0.14402173913043478,352,2,0,4,6,1,0,1,1,1,0,8,352,2,0,4,6,1,0,1,1,1,0,8,19,13,6,3,0,180,2,90,0,10,1,0.005434782608695652,1,2005-05-24 21:34:09,1116970449,4,6,15,30
2735,9,13,676,4,29,0,626,0.09319526627218937,646,15,1,9,3,1,0,0,1,0,0,10,646,15,1,9,3,1,0,0,1,0,0,11,35,26,9,4,0,193,2,146,0,8,3,0.002958579881656805,1,2005-05-24 21:35:09,1116970509,4,8,4,8
2736,8,8,648,17,29,0,606,0.09876543209876544,617,16,1,10,2,1,0,0,0,1,0,10,617,16,1,10,2,1,0,0,0,1,0,3,34,26,8,5,0,183,0,148,0,8,0,0.0,0,2005-05-24 21:36:09,1116970569,3,7,6,12
2737,15,9,424,7,18,0,379,0.18396226415094336,388,12,0,15,1,7,1,0,0,0,0,5,388,12,0,15,1,7,1,0,0,0,0,1,38,30,8,6,0,187,14,120,0,12,0,0.0330188679245283,2,2005-05-24 21:37:09,1116970629,5,7,19,38
2738,7,9,396,4,17,0,362,0.15404040404040406,369,13,0,8,2,1,1,1,0,0,0,11,369,13,0,8,2,1,1,1,0,0,0,0,29,22,7,5,0,183,2,112,0,8,0,0.005050505050505051,2,2005-05-24 21:38:09,1116970689,4,9,0,0
2739,2,29,476,4,11,0,392,0.28991596638655465,411,32,0,18,6,4,0,1,3,0,1,9,411,32,0,18,6,4,0,1,3,0,1,11,70,62,8,3,0,216,6,132,0,14,2,0.012605042016806723,2,2005-05-24 21:39:09,1116970749,4,7,11,22
2740,8,6,402,5,17,0,363,0.13432835820895522,378,11,0,7,3,0,0,1,2,0,0,7,378,11,0,7,3,0,0,1,2,0,0,8,31,24,7,0,0,189,4,116,0,6,2,0.009950248756218905,1,2005-05-24 21:40:09,1116970809,5,9,2,4
2741,15,7,394,4,14,0,348,0.2893401015228426,361,8,1,10,1,5,4,1,1,0,1,11,361,8,1,10,1,5,4,1,1,0,1,1,44,32,12,1,0,180,0,114,0,10,2,0.0,0,2005-05-24 21:41:09,1116970869,4,9,2,4
2742,16,43,556,4,19,0,442,0.5179856115107914,460,36,1,14,19,2,1,19,2,2,0,10,460,36,1,14,19,2,1,19,2,2,0,10,99,91,8,5,0,222,7,154,0,18,3,0.012589928057553957,1,2005-05-24 21:42:09,1116970929,4,7,15,30
2743,13,3,648,6,11,0,618,0.12808641975308646,629,4,0,1,2,2,0,7,3,0,0,7,629,4,0,1,2,2,0,7,3,0,0,1,28,18,10,1,0,175,1,150,0,6,1,0.0015432098765432098,1,2005-05-24 21:43:09,1116970989,6,7,6,12
2744,7,14,406,6,11,0,370,0.24876847290640394,379,4,0,6,4,4,0,6,3,0,0,7,379,4,0,6,4,4,0,6,3,0,0,3,29,23,6,4,0,180,0,120,0,10,1,0.0,0,2005-05-24 21:44:09,1116971049,5,7,0,0
2745,18,12,408,6,17,0,357,0.2377450980392157,368,10,0,12,13,3,0,2,0,0,0,6,368,10,0,12,13,3,0,2,0,0,0,1,43,33,10,7,0,189,7,122,0,10,0,0.01715686274509804,1,2005-05-24 21:45:09,1116971109,6,10,22,44
2746,12,17,444,4,18,0,378,0.2432432432432433,401,20,0,7,4,4,2,6,0,0,0,6,401,20,0,7,4,4,2,6,0,0,0,15,49,41,8,2,0,207,8,126,0,12,1,0.018018018018018014,1,2005-05-24 21:46:09,1116971169,4,7,2,4
2747,6,17,400,3,17,0,356,0.245,363,12,0,8,9,2,1,5,0,0,0,6,363,12,0,8,9,2,1,5,0,0,0,0,44,37,7,0,0,187,0,120,0,8,1,0.0,0,2005-05-24 21:47:09,1116971229,3,9,4,8
2748,16,11,382,4,19,0,334,0.3078947368421053,346,7,0,5,10,2,0,9,0,1,0,8,346,7,0,5,10,2,0,9,0,1,0,4,42,34,8,0,2,178,0,118,0,8,0,0.0,0,2005-05-24 21:48:09,1116971289,4,9,12,24
2749,3,10,386,4,17,0,342,0.16623376623376626,358,14,0,3,5,1,1,2,0,1,0,8,358,14,0,3,5,1,1,2,0,1,0,8,32,24,8,3,1,182,0,96,0,10,0,0.0,0,2005-05-24 21:49:09,1116971349,4,8,16,32
2750,13,11,716,4,18,0,651,0.10893854748603353,676,19,0,13,3,3,1,0,1,0,0,7,676,19,0,13,3,3,1,0,1,0,0,12,46,33,13,7,0,197,0,174,0,14,3,0.0,0,2005-05-24 21:50:09,1116971409,4,8,7,14
2751,5,34,472,4,17,0,405,0.8792372881355932,413,24,0,7,2,1,1,1,0,0,0,16,413,24,0,7,2,1,1,1,0,0,0,0,66,58,8,1,0,205,2,108,0,8,2,0.00423728813559322,1,2005-05-24 21:51:09,1116971469,4,6,9,18
2752,12,5,396,6,18,0,343,0.13636363636363635,367,19,1,6,1,1,0,1,0,0,0,10,367,19,1,6,1,1,0,1,0,0,0,8,44,28,16,1,0,178,0,94,0,8,1,0.0,0,2005-05-24 21:52:09,1116971529,6,6,2,4
2753,8,9,364,17,17,0,326,0.16483516483516486,341,13,1,3,1,2,0,1,2,0,0,10,341,13,1,3,1,2,0,1,2,0,0,3,34,22,12,1,0,176,2,104,0,8,2,0.005494505494505495,1,2005-05-24 21:53:09,1116971589,3,6,14,28
2754,11,10,400,3,17,0,350,0.1575,372,7,0,11,8,1,0,1,0,0,0,6,372,7,0,11,8,1,0,1,0,0,0,12,36,26,10,2,0,196,2,94,0,10,2,0.005,1,2005-05-24 21:54:09,1116971649,3,6,10,20
2755,14,5,388,4,17,0,348,0.16237113402061856,360,11,1,11,2,2,0,1,0,0,0,10,360,11,1,11,2,2,0,1,0,0,0,3,32,23,9,5,0,183,0,108,0,12,0,0.0,0,2005-05-24 21:55:09,1116971709,4,6,9,18
2756,15,11,742,4,18,0,661,0.1524966261808367,684,22,1,27,3,3,0,1,0,0,0,10,684,22,1,27,3,3,0,1,0,0,0,1,69,47,22,10,1,204,7,192,0,14,2,0.009433962264150943,1,2005-05-24 21:56:09,1116971769,4,7,22,44
2757,9,9,420,3,17,0,360,0.12171837708830548,386,20,0,8,5,0,0,0,0,0,0,3,386,20,0,8,5,0,0,0,0,0,0,19,38,31,7,2,1,201,0,108,0,8,0,0.0,0,2005-05-24 21:57:09,1116971829,3,7,13,26
2758,8,7,392,4,18,0,362,0.10459183673469387,376,6,1,4,4,0,1,0,0,0,0,10,376,6,1,4,4,0,1,0,0,0,0,6,24,16,8,0,0,177,0,100,0,12,1,0.0,0,2005-05-24 21:58:09,1116971889,4,6,3,6
2759,20,16,410,8,17,0,359,0.31784841075794623,366,10,0,14,6,2,1,9,1,0,0,7,366,10,0,14,6,2,1,9,1,0,0,0,46,39,7,4,1,189,7,132,0,10,0,0.01707317073170732,1,2005-05-24 21:59:09,1116971949,4,7,1,2
2760,19,16,440,4,17,0,380,0.2409090909090909,385,26,0,15,10,2,0,2,0,0,0,6,385,26,0,15,10,2,0,2,0,0,0,0,57,52,5,3,0,199,3,142,0,12,2,0.006818181818181818,1,2005-05-24 22:00:09,1116972009,4,7,10,20
2761,28,12,436,8,19,0,372,0.2981651376146789,392,8,0,10,16,4,0,5,0,1,0,8,392,8,0,10,16,4,0,5,0,1,0,10,52,42,10,2,0,205,7,132,0,10,0,0.016055045871559634,1,2005-05-24 22:01:09,1116972069,4,8,8,16
2762,15,6,394,8,17,0,351,0.13959390862944165,369,11,0,6,5,1,1,0,0,1,0,8,369,11,0,6,5,1,1,0,0,1,0,1,41,24,17,1,0,184,5,116,0,12,2,0.012690355329949237,1,2005-05-24 22:02:09,1116972129,8,10,6,12
2763,16,16,438,5,19,0,379,0.2968036529680365,390,14,0,20,4,1,0,5,2,2,0,8,390,14,0,20,4,1,0,5,2,2,0,1,56,46,10,2,0,190,0,134,0,16,2,0.0,0,2005-05-24 22:03:09,1116972189,5,10,20,40
2764,7,9,622,5,11,0,575,0.0998389694041868,594,10,0,7,6,2,0,2,0,0,0,6,594,10,0,7,6,2,0,2,0,0,0,7,37,25,12,2,1,185,4,144,0,10,0,0.006430868167202572,1,2005-05-24 22:04:09,1116972249,5,8,15,30
2765,27,17,458,8,19,0,387,0.37554585152838427,404,12,0,7,21,4,1,5,0,4,0,8,404,12,0,7,21,4,1,5,0,4,0,10,48,41,7,13,0,214,1,136,0,12,0,0.002183406113537118,1,2005-05-24 22:05:09,1116972309,4,7,2,4
2766,6,27,480,4,17,0,399,0.3395833333333333,408,40,0,12,7,2,2,6,0,3,0,8,408,40,0,12,7,2,2,6,0,3,0,0,78,69,9,3,0,212,0,134,0,14,3,0.0,0,2005-05-24 22:06:09,1116972369,4,8,12,24
2767,7,2,368,5,11,0,339,0.08152173913043477,354,7,0,4,0,2,0,0,1,0,0,7,354,7,0,4,0,2,0,0,1,0,0,8,21,14,7,0,0,171,0,86,0,10,0,0.0,0,2005-05-24 22:07:09,1116972429,5,7,2,4
2768,5,5,362,4,11,0,332,0.09944751381215468,343,12,0,2,3,1,0,0,1,0,0,7,343,12,0,2,3,1,0,0,1,0,0,1,27,18,9,2,0,174,2,94,0,4,0,0.0055248618784530384,1,2005-05-24 22:08:09,1116972489,4,6,15,30
2769,77,21,5612,8,17,0,5372,0.06361368496079829,5487,30,0,31,28,17,2,16,1,0,0,7,5487,30,0,31,28,17,2,16,1,0,0,13,224,122,102,3,0,2623,459,760,2,32,6,0.08178902352102638,3,2005-05-24 22:09:09,1116972549,4,7,5,10
2770,591,83,2324,8,17,0,1543,0.9836488812392428,1616,80,0,227,29,333,0,17,0,1,4,11,1616,80,0,227,29,333,0,17,0,1,4,1,779,707,72,1,0,1105,57,500,4,30,35,0.02452667814113597,2,2005-05-24 22:10:09,1116972609,6,7,4,8
2771,1688,174,4876,5,13,0,2632,0.8695652173913043,2705,454,0,1552,35,97,16,15,0,1,0,11,2705,454,0,1552,35,97,16,15,0,1,0,5,2238,2170,68,1,0,2329,85,636,0,16,46,0.017432321575061527,1,2005-05-24 22:11:09,1116972669,5,8,31,62
2772,15,5,124,3,9,0,75,0.7096774193548387,89,15,0,3,6,6,5,0,0,0,0,5,89,15,0,3,6,6,5,0,0,0,0,11,34,31,3,4,0,55,9,68,0,4,0,0.07258064516129033,1,2005-05-24 22:12:09,1116972729,3,7,17,34
2773,10,15,416,4,17,0,362,0.20192307692307693,382,13,0,6,5,8,1,0,1,0,0,7,382,13,0,6,5,8,1,0,1,0,0,10,42,32,10,2,0,194,5,114,0,18,4,0.01201923076923077,1,2005-05-24 22:13:09,1116972789,4,6,3,6
2774,28,6,448,4,11,0,392,0.23660714285714285,404,15,0,13,9,2,0,5,0,0,0,6,404,15,0,13,9,2,0,5,0,0,0,2,49,39,10,5,0,211,4,134,0,10,2,0.008928571428571428,1,2005-05-24 22:14:09,1116972849,4,7,3,6
2775,55,69,3890,4,17,0,3538,0.08611825192802057,3744,32,0,50,53,11,0,0,0,0,0,4,3744,32,0,50,53,11,0,0,0,0,0,2,308,104,204,42,0,1186,364,788,0,50,0,0.09357326478149099,3,2005-05-24 22:15:09,1116972909,4,7,20,40
2776,47,4,488,5,19,0,410,0.16393442622950818,427,52,0,5,2,1,0,0,0,1,0,8,427,52,0,5,2,1,0,0,0,1,0,11,62,56,6,5,0,235,1,114,0,8,0,0.0020491803278688526,1,2005-05-24 22:16:09,1116972969,5,7,44,88
2777,9,5,448,4,17,0,412,0.140625,425,12,0,1,3,4,0,0,0,3,0,8,425,12,0,1,3,4,0,0,0,3,0,6,28,21,7,2,0,212,1,118,0,8,0,0.002232142857142857,1,2005-05-24 22:17:09,1116973029,4,7,4,8
2778,40,33,564,4,19,0,470,0.3421985815602837,478,28,0,43,5,2,0,5,0,1,2,9,478,28,0,43,5,2,0,5,0,1,2,1,92,85,7,1,0,243,14,170,0,8,0,0.024822695035460998,2,2005-05-24 22:18:09,1116973089,4,6,14,28
2779,14,225,858,4,17,0,595,0.62004662004662,616,3,0,219,11,2,4,0,0,1,0,11,616,3,0,219,11,2,4,0,0,1,0,3,256,238,18,4,0,415,8,154,0,18,36,0.009324009324009324,1,2005-05-24 22:19:09,1116973149,4,6,17,34
2780,21,24,530,4,19,0,435,0.29867674858223064,459,28,0,18,13,5,3,2,0,1,0,8,459,28,0,18,13,5,3,2,0,1,0,11,74,61,13,9,1,225,11,160,0,16,4,0.020754716981132074,1,2005-05-24 22:20:09,1116973209,4,8,5,10
2781,10,18,432,4,17,0,368,0.2106481481481481,389,19,0,17,1,2,0,2,1,1,0,8,389,19,0,17,1,2,0,2,1,1,0,8,49,36,13,7,0,206,3,120,0,10,3,0.006944444444444444,1,2005-05-24 22:21:09,1116973269,4,6,4,8
2782,17,25,434,8,18,0,373,0.3271889400921659,384,10,0,22,3,4,5,5,0,1,0,8,384,10,0,22,3,4,5,5,0,1,0,1,56,46,10,4,0,210,2,130,0,8,0,0.004608294930875576,1,2005-05-24 22:22:09,1116973329,4,7,8,16
2783,5,21,690,6,11,0,643,0.1144927536231884,656,11,0,15,2,1,2,3,0,0,0,6,656,11,0,15,2,1,2,3,0,0,0,4,40,31,9,3,0,191,7,158,0,10,0,0.010144927536231885,1,2005-05-24 22:23:09,1116973389,5,8,13,26
2784,3,14,406,4,18,0,364,0.13793103448275862,388,5,0,1,7,2,0,2,0,1,0,8,388,5,0,1,7,2,0,2,0,1,0,16,24,16,8,2,0,195,0,100,0,14,0,0.0,0,2005-05-24 22:24:09,1116973449,4,6,4,8
2785,22,16,442,5,19,0,378,0.23755656108597284,392,20,0,22,1,4,0,0,2,1,0,8,392,20,0,22,1,4,0,0,2,1,0,4,58,48,10,2,0,215,10,130,0,12,0,0.022624434389140267,2,2005-05-24 22:25:09,1116973509,5,6,2,4
2786,33,681,1790,4,17,0,1043,0.9022346368715084,1063,76,0,562,10,51,14,8,0,1,0,11,1063,76,0,562,10,51,14,8,0,1,0,1,739,720,19,7,0,883,9,310,2,16,6,0.005027932960893855,1,2005-05-24 22:26:09,1116973569,4,7,14,28
2787,18,754,2152,4,18,0,1339,0.7955390334572491,1368,53,0,643,23,50,6,5,0,0,0,11,1368,53,0,643,23,50,6,5,0,0,0,12,799,782,17,2,0,1054,20,338,0,22,12,0.00929368029739777,1,2005-05-24 22:27:09,1116973629,4,7,7,14
2788,10,10,3732,6,19,0,3658,0.017684887459807074,3700,14,0,11,3,2,1,0,0,1,0,8,3700,14,0,11,3,2,1,0,0,1,0,2,70,30,40,2,0,1857,6,462,0,34,1,0.001607717041800643,3,2005-05-24 22:28:09,1116973689,6,8,2,4
2789,23,514,1472,6,17,0,895,1.234375,916,25,0,194,16,307,3,1,1,1,0,15,916,25,0,194,16,307,3,1,1,1,0,2,566,547,19,9,0,725,2,260,0,20,4,0.001358695652173913,1,2005-05-24 22:29:09,1116973749,6,7,10,20
2790,41,153,764,4,17,0,534,0.7077326343381389,565,13,0,94,74,9,1,0,1,0,0,13,565,13,0,94,74,9,1,0,1,0,0,7,216,192,24,6,1,365,8,174,0,14,21,0.010471204188481676,3,2005-05-24 22:30:09,1116973809,4,7,13,26
2791,57,59,600,4,19,0,455,0.5183333333333333,472,12,0,56,57,2,0,0,0,1,0,8,472,12,0,56,57,2,0,0,0,1,0,11,133,127,6,1,0,245,0,104,0,6,0,0.0,0,2005-05-24 22:31:09,1116973869,4,6,4,8
2792,126,73,758,4,17,0,529,0.7229551451187335,545,18,0,63,128,3,0,0,0,1,0,8,545,18,0,63,128,3,0,0,0,1,0,0,226,210,16,3,0,279,17,212,0,14,1,0.022427440633245383,1,2005-05-24 22:32:09,1116973929,4,7,62,124
2793,10,65,496,4,18,0,389,0.4758064516129033,413,12,0,10,56,3,0,0,0,0,0,12,413,12,0,10,56,3,0,0,0,0,0,8,99,83,16,0,0,232,0,96,0,12,1,0.0,0,2005-05-24 22:33:09,1116973989,4,8,7,14
2794,21,7,424,4,22,0,366,0.2830188679245283,375,9,0,32,4,1,0,0,1,0,0,13,375,9,0,32,4,1,0,0,1,0,0,3,51,45,6,4,0,190,0,98,0,8,0,0.0,0,2005-05-24 22:34:09,1116974049,4,10,15,30
2795,18,17,430,8,24,0,371,0.2913752913752914,389,4,0,9,15,7,0,5,0,0,0,6,389,4,0,9,15,7,0,5,0,0,0,11,45,38,7,2,1,210,3,114,0,10,0,0.0069767441860465115,1,2005-05-24 22:35:09,1116974109,6,10,9,18
2796,281,231,2300,5,18,0,1521,0.6434782608695652,1550,354,0,221,92,45,18,4,15,0,1,9,1550,354,0,221,92,45,18,4,15,0,1,7,721,699,22,51,0,710,2,754,0,26,26,0.0008695652173913044,1,2005-05-24 22:36:09,1116974169,5,8,3,6
2797,225,353,2278,4,19,0,1283,0.96354852876592,1305,361,1,273,227,31,30,29,14,4,2,10,1305,361,1,273,227,31,30,29,14,4,2,2,990,970,20,2,1,1134,4,620,0,16,40,0.001755926251097454,1,2005-05-24 22:37:09,1116974229,4,7,14,28
2798,35,44,1018,4,11,0,672,0.4852652259332024,688,263,0,33,10,2,7,14,0,1,0,8,688,263,0,33,10,2,7,14,0,1,0,4,341,329,12,1,0,482,3,216,4,12,6,0.0029469548133595285,1,2005-05-24 22:38:09,1116974289,4,10,5,10
2799,326,239,1540,6,19,0,925,0.6818181818181818,953,286,0,238,18,19,2,22,0,2,0,8,953,286,0,238,18,19,2,22,0,2,0,11,600,583,17,4,0,489,5,312,4,14,8,0.003246753246753247,1,2005-05-24 22:39:09,1116974349,6,9,3,6
2800,8,16,406,4,19,0,371,0.1724137931034483,377,6,0,12,5,5,1,0,0,0,0,5,377,6,0,12,5,5,1,0,0,0,0,0,32,26,6,3,0,189,1,114,0,10,1,0.0024630541871921183,1,2005-05-24 22:40:09,1116974409,4,6,22,44
2801,6,3,366,4,17,0,342,0.08469945355191258,353,6,0,3,1,2,0,0,0,1,0,8,353,6,0,3,1,2,0,0,0,1,0,5,18,12,6,1,0,177,0,94,0,10,0,0.0,0,2005-05-24 22:41:09,1116974469,4,6,21,42
2802,8,29,720,4,11,0,661,0.2652777777777778,683,4,0,1,6,3,1,5,16,1,0,8,683,4,0,1,6,3,1,5,16,1,0,13,28,19,9,18,0,207,0,160,0,14,2,0.0,0,2005-05-24 22:42:09,1116974529,4,6,4,8
2803,5,6,366,3,17,0,340,0.08196721311475409,349,11,0,1,3,2,0,0,0,0,0,4,349,11,0,1,3,2,0,0,0,0,0,3,23,17,6,0,0,174,4,96,0,10,0,0.01092896174863388,2,2005-05-24 22:43:09,1116974589,3,7,1,2
2804,16,8,378,4,19,0,339,0.2301587301587301,348,10,0,7,3,4,0,5,0,1,0,8,348,10,0,7,3,4,0,5,0,1,0,1,38,30,8,0,0,178,4,112,0,8,0,0.01058201058201058,2,2005-05-24 22:44:09,1116974649,4,7,3,6
2805,39,20,516,8,17,0,429,0.40388349514563104,440,17,0,31,4,11,1,10,0,1,0,8,440,17,0,31,4,11,1,10,0,1,0,2,82,73,9,2,1,218,9,170,0,12,0,0.017441860465116282,2,2005-05-24 22:45:09,1116974709,4,8,15,30
2806,10,4,676,4,11,0,637,0.06360946745562131,656,10,0,5,0,4,0,0,1,0,0,7,656,10,0,5,0,4,0,0,1,0,0,11,27,19,8,1,0,193,3,152,0,6,0,0.004437869822485207,1,2005-05-24 22:46:09,1116974769,4,7,7,14
2807,9,4,490,6,17,0,444,0.15306122448979592,461,11,1,9,2,2,3,0,1,0,0,10,461,11,1,9,2,2,3,0,1,0,0,9,36,28,8,1,0,197,1,162,0,6,0,0.0020408163265306124,1,2005-05-24 22:47:09,1116974829,6,9,9,18
2808,12,21,404,4,18,0,351,0.2549504950495049,358,25,0,7,4,3,2,5,0,0,0,6,358,25,0,7,4,3,2,5,0,0,0,0,47,40,7,6,0,189,0,120,0,6,0,0.0,0,2005-05-24 22:48:09,1116974889,4,7,9,18
2809,10,3,378,3,11,0,343,0.14058355437665782,356,7,1,8,2,1,2,0,0,0,0,10,356,7,1,8,2,1,2,0,0,0,0,7,26,20,6,1,1,178,5,92,0,10,1,0.013227513227513229,1,2005-05-24 22:49:09,1116974949,3,6,19,38
2810,9,8,416,8,17,0,375,0.15384615384615385,394,8,0,4,3,1,1,5,0,0,0,6,394,8,0,4,3,1,1,5,0,0,0,12,25,18,7,4,0,194,0,118,0,12,1,0.0,0,2005-05-24 22:50:09,1116975009,4,7,4,8
2811,15,19,444,4,19,0,388,0.3648648648648649,399,10,0,13,6,3,0,5,1,4,3,9,399,10,0,13,6,3,0,5,1,4,3,1,52,42,10,3,0,189,7,142,0,12,1,0.01576576576576576,1,2005-05-24 22:51:09,1116975069,4,8,5,10
2812,13,10,414,5,18,0,375,0.2946859903381642,379,12,1,5,5,1,1,5,4,1,0,10,379,12,1,5,5,1,1,5,4,1,0,0,37,33,4,2,0,188,5,126,0,14,0,0.012077294685990338,1,2005-05-24 22:52:09,1116975129,5,10,16,32
2813,7,6,392,4,11,0,351,0.13010204081632654,374,5,0,4,4,3,0,0,2,0,0,7,374,5,0,4,4,3,0,0,2,0,0,15,24,16,8,2,0,188,3,102,0,6,0,0.007653061224489796,1,2005-05-24 22:53:09,1116975189,4,7,1,2
2814,7,13,372,4,17,0,331,0.18059299191374664,340,13,0,8,6,2,0,2,0,0,0,6,340,13,0,8,6,2,0,2,0,0,0,2,34,27,7,4,1,177,7,118,0,6,0,0.01881720430107527,1,2005-05-24 22:54:09,1116975249,4,6,10,20
2815,8,12,380,4,18,0,344,0.1868421052631579,358,6,0,3,4,3,1,5,0,0,0,6,358,6,0,3,4,3,1,5,0,0,0,8,27,21,6,1,0,178,0,94,0,12,0,0.0,0,2005-05-24 22:55:09,1116975309,4,6,8,16
2816,9,11,68,4,9,0,41,1.2941176470588236,43,11,0,3,2,2,1,0,1,0,5,9,43,11,0,3,2,2,1,0,1,0,5,1,17,16,1,9,0,27,9,46,0,6,0,0.1323529411764706,1,2005-05-24 22:56:09,1116975369,4,7,20,40
2817,10,16,398,3,19,0,346,0.23869346733668345,369,8,0,9,1,3,1,1,5,1,0,8,369,8,0,9,1,3,1,1,5,1,0,17,34,28,6,1,0,194,1,100,0,10,0,0.002512562814070352,1,2005-05-24 22:57:09,1116975429,3,7,4,8
2818,8,6,348,7,17,0,318,0.13793103448275862,326,9,0,7,3,2,0,0,0,1,0,8,326,9,0,7,3,2,0,0,0,1,0,0,28,20,8,2,0,168,2,90,0,10,4,0.005747126436781609,1,2005-05-24 22:58:09,1116975489,4,7,7,14
2819,5,16,414,4,18,0,370,0.3188405797101449,379,16,0,2,1,7,0,0,0,0,9,9,379,16,0,2,1,7,0,0,0,0,9,3,39,33,6,2,0,189,7,108,0,12,1,0.016908212560386472,1,2005-05-24 22:59:09,1116975549,4,6,5,10
2820,149,21,986,4,17,0,778,0.6997971602434077,800,48,0,12,6,91,4,17,0,0,0,19,800,48,0,12,6,91,4,17,0,0,0,6,190,174,16,12,0,323,5,242,0,18,0,0.005070993914807302,1,2005-05-24 23:00:09,1116975609,4,9,53,106
2821,17,6,408,3,18,0,358,0.19362745098039216,377,12,0,4,10,1,2,0,1,1,0,8,377,12,0,4,10,1,2,0,1,1,0,11,37,29,8,2,0,198,6,106,0,12,2,0.014705882352941175,1,2005-05-24 23:01:09,1116975669,3,7,47,94
2822,42,12,424,4,17,0,354,0.7971698113207547,362,12,0,9,6,2,4,0,2,1,24,13,362,12,0,9,6,2,4,0,2,1,24,0,32,24,8,38,0,205,6,108,0,10,3,0.014150943396226415,1,2005-05-24 23:02:09,1116975729,4,6,16,32
2823,9,32,476,11,19,0,389,0.388655462184874,403,50,0,7,0,2,4,1,0,4,0,11,403,50,0,7,0,2,4,1,0,4,0,8,61,55,6,18,0,232,3,104,0,8,1,0.0063025210084033615,1,2005-05-24 23:03:09,1116975789,5,6,6,12
2824,6,11,402,6,17,0,368,0.12437810945273632,376,15,0,6,2,1,1,0,0,1,0,8,376,15,0,6,2,1,1,0,0,1,0,0,26,18,8,8,0,190,1,108,0,12,2,0.0024875621890547268,1,2005-05-24 23:04:09,1116975849,6,6,28,56
2825,9,11,450,4,11,0,396,0.10444444444444444,423,13,0,9,4,1,0,0,0,0,0,4,423,13,0,9,4,1,0,0,0,0,0,23,27,23,4,4,0,192,5,122,0,4,0,0.011111111111111113,1,2005-05-24 23:05:09,1116975909,4,6,3,6
2826,8,11,386,4,19,0,351,0.17098445595854922,362,10,0,3,2,7,0,0,0,2,0,8,362,10,0,3,2,7,0,0,0,2,0,3,31,23,8,1,0,177,0,108,0,18,0,0.0,0,2005-05-24 23:06:09,1116975969,4,7,2,4
2827,7,1,374,6,19,0,347,0.09893048128342248,353,13,0,6,0,1,0,0,0,1,0,8,353,13,0,6,0,1,0,0,0,1,0,0,27,21,6,0,0,182,0,94,0,8,0,0.0,0,2005-05-24 23:07:09,1116976029,6,6,14,28
2828,8,11,696,4,11,0,645,0.11350574712643678,666,13,0,7,1,3,3,1,1,0,1,9,666,13,0,7,1,3,3,1,1,0,1,11,35,25,10,5,0,197,4,174,0,6,0,0.005747126436781609,1,2005-05-24 23:08:09,1116976089,4,11,6,12
2829,16,7,500,5,20,0,402,0.386,411,67,0,10,1,4,1,1,0,1,0,17,411,67,0,10,1,4,1,1,0,1,0,1,91,83,8,6,0,216,6,126,0,14,2,0.012,1,2005-05-24 23:09:09,1116976149,5,7,0,0
2830,14,93,580,4,19,0,440,0.9156414762741651,452,12,0,7,1,11,77,5,0,3,1,9,452,12,0,7,1,11,77,5,0,3,1,0,108,96,12,21,11,271,5,142,0,18,4,0.008620689655172414,1,2005-05-24 23:10:09,1116976209,4,7,20,40
2831,12,63,832,4,17,0,594,0.6995192307692307,630,124,0,7,18,8,3,11,2,2,26,13,630,124,0,7,18,8,3,11,2,2,26,13,209,186,23,16,0,339,15,246,0,18,13,0.018028846153846152,1,2005-05-24 23:11:09,1116976269,4,7,14,28
2832,8,10,540,4,11,0,441,0.19444444444444445,465,56,0,14,2,1,1,1,0,0,0,6,465,56,0,14,2,1,1,1,0,0,0,10,88,74,14,1,0,243,3,148,0,10,0,0.005555555555555557,1,2005-05-24 23:12:09,1116976329,4,6,14,28
2833,15,6,596,5,19,0,488,0.12751677852348994,556,23,0,10,3,1,0,2,0,1,0,8,556,23,0,10,3,1,0,2,0,1,0,1,106,39,67,1,0,288,5,144,0,12,0,0.008389261744966443,1,2005-05-24 23:13:09,1116976389,3,6,7,14
2834,5,10,2050,3,17,0,1941,0.02585365853658536,2032,4,0,8,3,1,0,0,0,1,0,12,2032,4,0,8,3,1,0,0,0,1,0,1,105,15,90,3,0,1011,85,456,0,40,1,0.04146341463414634,2,2005-05-24 23:14:09,1116976449,3,7,7,14
2835,25,22,2892,4,17,0,2670,0.03250345781466114,2832,45,0,8,5,0,0,1,0,0,0,12,2832,45,0,8,5,0,0,1,0,0,0,2,218,58,160,2,0,1128,48,664,0,52,1,0.016597510373443983,2,2005-05-24 23:15:09,1116976509,4,7,11,22
2836,8,13,1330,4,10,0,1199,0.0518796992481203,1296,19,0,6,4,3,0,0,2,0,0,7,1296,19,0,6,4,3,0,0,2,0,0,11,116,30,86,4,0,656,3,348,0,24,0,0.002255639097744361,1,2005-05-24 23:16:09,1116976569,4,6,16,32
2837,2,6,1452,4,17,0,1344,0.02341597796143251,1430,14,0,4,4,0,0,0,0,0,0,3,1430,14,0,4,4,0,0,0,0,0,0,2,98,14,84,8,0,713,0,376,0,30,1,0.0,0,2005-05-24 23:17:09,1116976629,4,6,4,8
2838,3,9,2234,4,11,0,2059,0.018800358102059087,2212,10,0,8,2,1,0,1,0,0,0,6,2212,10,0,8,2,1,0,1,0,0,0,11,163,21,142,1,0,1115,3,494,0,34,1,0.0013428827215756492,2,2005-05-24 23:18:09,1116976689,4,6,3,6
2839,28,12,766,8,11,0,692,0.1919060052219321,719,8,0,8,14,9,3,5,0,0,0,6,719,8,0,8,14,9,3,5,0,0,0,16,54,43,11,4,0,210,6,182,0,20,2,0.007832898172323759,1,2005-05-24 23:19:09,1116976749,4,8,17,34
2840,6,16,196,4,17,0,154,0.4387755102040816,163,12,0,8,4,4,0,5,0,0,0,6,163,12,0,8,4,4,0,5,0,0,0,5,29,25,4,8,0,81,0,90,0,14,0,0.0,0,2005-05-24 23:20:09,1116976809,4,7,5,10
2841,7,5,360,4,11,0,337,0.09444444444444444,345,7,0,4,1,1,1,0,1,0,0,7,345,7,0,4,1,1,1,0,1,0,0,0,21,13,8,2,0,172,0,94,0,6,0,0.0,0,2005-05-24 23:21:09,1116976869,4,7,3,6
2842,6,9,374,4,17,0,345,0.0748663101604278,357,8,0,7,2,0,0,0,0,0,0,3,357,8,0,7,2,0,0,0,0,0,0,4,25,17,8,0,0,184,0,88,0,8,0,0.0,0,2005-05-24 23:22:09,1116976929,4,5,17,34
2843,5,2,1050,5,19,0,1022,0.0380952380952381,1033,7,0,4,3,2,0,0,0,1,0,8,1033,7,0,4,3,2,0,0,0,1,0,5,21,15,6,2,0,519,58,164,2,6,0,0.05523809523809524,2,2005-05-24 23:23:09,1116976989,3,6,4,8
2844,8,12,2772,4,17,0,2468,0.0284992784992785,2736,19,0,10,1,1,2,1,0,1,1,9,2736,19,0,10,1,1,2,1,0,1,1,0,301,33,268,3,0,1225,179,406,0,28,1,0.06457431457431458,2,2005-05-24 23:24:09,1116977049,4,6,5,10
2845,20,8,430,4,19,0,380,0.26046511627906976,396,4,0,8,12,4,1,3,0,1,1,9,396,4,0,8,12,4,1,3,0,1,1,1,45,30,15,4,0,202,15,148,0,10,3,0.034883720930232565,1,2005-05-24 23:25:09,1116977109,4,7,1,2
2846,54,47,24054,4,22,0,22482,0.015465203292591668,23927,17,0,71,8,9,4,10,0,2,5,12,23927,17,0,71,8,9,4,10,0,2,5,2,1565,122,1443,5,0,10286,2118,4258,2,224,3,0.08805188326265903,3,2005-05-24 23:26:09,1116977169,4,7,2,4
2847,17,14,12522,3,19,0,9573,0.008465101421498164,12484,8,1,12,12,3,0,0,0,2,0,10,12484,8,1,12,12,3,0,0,0,2,0,11,2938,38,2900,0,0,4015,447,1580,0,130,0,0.03569717297556301,2,2005-05-24 23:27:09,1116977229,3,7,4,8
2848,9,9,372,4,17,0,341,0.15591397849462366,348,7,0,10,1,5,0,0,0,1,0,8,348,7,0,10,1,5,0,0,0,1,0,0,30,23,7,1,0,181,2,100,0,6,3,0.005376344086021507,1,2005-05-24 23:28:09,1116977289,4,7,8,16
2849,9,18,394,12,19,0,353,0.2563451776649746,360,9,0,11,7,3,1,0,0,1,0,12,360,9,0,11,7,3,1,0,0,1,0,1,37,31,6,3,0,187,0,106,0,12,1,0.0,0,2005-05-24 23:29:09,1116977349,8,8,0,0
2850,32,7,466,4,22,0,389,0.3497854077253219,411,20,1,13,7,2,3,5,2,1,0,11,411,20,1,13,7,2,3,5,2,1,0,14,60,52,8,3,0,207,3,150,0,14,1,0.006437768240343348,1,2005-05-24 23:30:09,1116977409,4,10,27,54
2851,14,8,692,4,19,0,644,0.1676300578034682,661,10,0,9,2,1,0,2,2,1,2,13,661,10,0,9,2,1,0,2,2,1,2,11,36,30,6,1,0,194,0,170,0,4,2,0.0,0,2005-05-24 23:31:09,1116977469,4,8,8,16
2852,16,21,736,2,17,0,674,0.2703804347826087,686,13,0,10,4,4,2,8,4,1,2,13,686,13,0,10,4,4,2,8,4,1,2,2,54,44,10,6,0,201,3,186,0,8,0,0.004076086956521739,1,2005-05-24 23:32:09,1116977529,2,7,7,14
2853,2,6,368,4,13,0,342,0.06793478260869565,352,11,0,2,2,1,0,0,0,0,0,4,352,11,0,2,2,1,0,0,0,0,0,2,22,14,8,2,0,178,0,92,0,8,0,0.0,0,2005-05-24 23:33:09,1116977589,4,6,13,26
2854,11,7,394,4,18,0,349,0.14974619289340102,366,14,0,6,5,1,0,0,2,0,0,7,366,14,0,6,5,1,0,0,2,0,0,11,34,28,6,0,0,191,2,92,0,8,0,0.005076142131979695,1,2005-05-24 23:34:09,1116977649,4,6,8,16
2855,5,11,368,5,17,0,342,0.13043478260869565,349,3,0,7,5,4,0,0,0,0,0,4,349,3,0,7,5,4,0,0,0,0,0,1,18,12,6,7,0,178,0,100,0,10,1,0.0,0,2005-05-24 23:35:09,1116977709,4,6,7,14
2856,5,8,116,4,18,0,88,0.27586206896551724,98,8,0,7,2,1,0,0,0,0,0,4,98,8,0,7,2,1,0,0,0,0,0,5,21,16,5,2,0,52,0,64,0,8,1,0.0,0,2005-05-24 23:36:09,1116977769,4,7,3,6
2857,19,3,384,8,17,0,352,0.2109375,359,3,0,5,10,2,0,5,0,0,0,6,359,3,0,5,10,2,0,5,0,0,0,1,30,24,6,1,0,179,0,108,0,8,0,0.0,0,2005-05-24 23:37:09,1116977829,4,7,12,24
2858,12,16,712,4,19,0,653,0.15730337078651685,678,11,0,8,2,2,1,5,4,1,0,8,678,11,0,8,2,2,1,5,4,1,0,12,45,32,13,2,0,192,0,178,0,12,0,0.0,0,2005-05-24 23:38:09,1116977889,4,8,6,12
2859,16,7,382,8,17,0,347,0.2388451443569554,352,8,0,7,5,1,1,5,1,1,0,8,352,8,0,7,5,1,1,5,1,1,0,1,29,25,4,4,1,181,0,108,0,10,0,0.0,0,2005-05-24 23:39:09,1116977949,4,6,4,8
2860,9,2,142,4,19,0,121,0.2887323943661972,127,6,0,3,1,2,2,0,0,1,0,8,127,6,0,3,1,2,2,0,0,1,0,2,18,14,4,1,0,64,0,78,0,8,0,0.0,0,2005-05-24 23:40:09,1116978009,4,8,7,14
2861,8,13,388,3,17,0,356,0.18863049095607234,362,6,0,10,3,1,0,2,2,1,0,8,362,6,0,10,3,1,0,2,2,1,0,0,24,18,6,7,1,185,1,106,0,6,0,0.002577319587628866,1,2005-05-24 23:41:09,1116978069,3,6,11,22
2862,8,7,414,3,19,0,363,0.13285024154589373,385,17,0,4,6,1,0,0,0,1,0,8,385,17,0,4,6,1,0,0,0,1,0,15,35,28,7,1,0,200,3,96,0,10,8,0.007246376811594203,1,2005-05-24 23:42:09,1116978129,3,6,6,12
2863,9,7,402,4,11,0,359,0.1318407960199005,366,24,0,8,3,1,0,0,0,0,0,4,366,24,0,8,3,1,0,0,0,0,0,1,37,31,6,5,0,193,0,102,0,12,6,0.0,0,2005-05-24 23:43:09,1116978189,4,6,7,14
2864,6,11,404,3,19,0,364,0.14356435643564355,371,22,0,7,2,0,0,0,0,2,0,8,371,22,0,7,2,0,0,0,0,2,0,0,36,29,7,4,0,189,0,112,0,14,3,0.0,0,2005-05-24 23:44:09,1116978249,3,6,0,0
2865,7,9,706,5,11,0,657,0.08498583569405099,683,9,0,4,3,3,2,2,0,0,0,6,683,9,0,4,3,3,2,2,0,0,0,14,32,20,12,3,0,191,0,178,0,10,0,0.0,0,2005-05-24 23:45:09,1116978309,5,6,14,28
2866,7,5,364,4,17,0,343,0.14835164835164835,349,2,0,3,3,1,5,0,0,1,0,8,349,2,0,3,3,1,5,0,0,1,0,0,20,14,6,1,0,176,1,92,0,8,0,0.0027472527472527475,1,2005-05-24 23:46:09,1116978369,4,8,6,12
2867,7,9,372,4,18,0,339,0.1720430107526882,352,6,0,2,4,3,0,5,0,0,0,6,352,6,0,2,4,3,0,5,0,0,0,7,26,20,6,0,0,183,0,92,0,8,0,0.0,0,2005-05-24 23:47:09,1116978429,4,7,7,14
2868,6,10,374,4,17,0,339,0.12032085561497324,353,8,0,8,2,2,0,0,1,0,0,7,353,8,0,8,2,2,0,0,1,0,0,2,28,16,12,5,0,179,0,110,0,8,0,0.0,0,2005-05-24 23:48:09,1116978489,4,7,18,36
2869,5,8,694,4,18,0,650,0.06628242074927954,673,11,0,3,5,0,0,0,2,0,0,7,673,11,0,3,5,0,0,0,2,0,0,7,35,19,16,2,0,200,4,184,0,12,2,0.005763688760806916,1,2005-05-24 23:49:09,1116978549,4,6,3,6
2870,16,7,2728,5,17,0,2448,0.02785923753665689,2696,13,0,10,3,1,0,5,0,0,0,6,2696,13,0,10,3,1,0,5,0,0,0,0,278,30,248,2,0,1357,24,320,0,22,0,0.00879765395894428,1,2005-05-24 23:50:09,1116978609,5,7,1,2
2871,22,15,586,4,18,0,507,0.2372013651877133,527,21,0,22,5,1,5,5,0,0,0,6,527,21,0,22,5,1,5,5,0,0,0,1,75,56,19,3,0,279,7,128,0,10,3,0.011945392491467578,1,2005-05-24 23:51:09,1116978669,4,6,1,2
2872,11,23,24830,4,22,0,22497,0.004269029399919452,24781,21,0,13,9,3,1,1,0,0,1,9,24781,21,0,13,9,3,1,1,0,0,1,0,2329,45,2284,4,0,12309,441,4328,4,246,0,0.017760773258155456,2,2005-05-24 23:52:09,1116978729,4,7,3,6
2873,3,3,2236,4,18,0,1861,0.012075134168157423,2220,9,0,4,2,1,0,0,0,0,0,4,2220,9,0,4,2,1,0,0,0,0,0,15,360,16,344,0,0,958,7,286,0,22,0,0.0031305903398926656,1,2005-05-24 23:53:09,1116978789,4,7,8,16
2874,7,6,392,4,17,0,362,0.12244897959183673,370,9,0,6,3,3,0,1,0,0,0,6,370,9,0,6,3,3,0,1,0,0,0,1,27,20,7,2,0,184,0,112,0,8,0,0.0,0,2005-05-24 23:54:09,1116978849,4,6,11,22
2875,2,6,368,4,18,0,347,0.07065217391304347,354,8,0,2,2,2,0,0,0,0,0,4,354,8,0,2,2,2,0,0,0,0,0,0,20,13,7,1,0,171,0,88,0,12,2,0.0,0,2005-05-24 23:55:09,1116978909,4,6,1,2
2876,7,0,372,4,11,0,349,0.06720430107526881,357,10,0,2,1,2,0,0,0,0,0,4,357,10,0,2,1,2,0,0,0,0,0,2,21,15,6,0,0,174,0,92,0,8,1,0.0,0,2005-05-24 23:56:09,1116978969,4,6,12,24
2877,6,5,402,4,19,0,361,0.11940298507462685,378,14,0,3,4,2,0,0,0,1,0,8,378,14,0,3,4,2,0,0,0,1,0,10,29,22,7,2,0,192,2,108,0,16,1,0.0049751243781094535,1,2005-05-24 23:57:09,1116979029,4,6,2,4
2878,9,9,680,4,17,0,637,0.16176470588235295,649,12,0,8,5,2,0,0,0,0,0,18,649,12,0,8,5,2,0,0,0,0,0,1,37,26,11,5,0,187,2,170,0,10,3,0.0029411764705882357,1,2005-05-24 23:58:09,1116979089,4,6,6,12
2879,9,12,412,4,17,0,366,0.2330097087378641,373,23,0,7,4,1,0,0,0,1,0,12,373,23,0,7,4,1,0,0,0,1,0,1,40,34,6,5,0,188,0,128,0,8,4,0.0,0,2005-05-24 23:59:09,1116979149,4,8,18,36
2880,5,11,378,4,19,0,343,0.2380952380952381,356,4,0,6,3,2,1,1,2,1,0,13,356,4,0,6,3,2,1,1,2,1,0,7,22,16,6,6,0,182,0,102,0,8,0,0.0,0,2005-05-25 00:00:09,1116979209,4,7,4,8
2881,3,6,394,4,17,0,359,0.09390862944162437,379,5,0,3,4,2,0,1,0,0,0,6,379,5,0,3,4,2,0,1,0,0,0,12,22,14,8,1,0,186,0,88,0,14,0,0.0,0,2005-05-25 00:01:09,1116979269,4,8,4,8
2882,16,4,396,8,11,0,358,0.22474747474747475,368,5,0,5,9,3,1,5,0,0,0,6,368,5,0,5,9,3,1,5,0,0,0,1,36,27,9,1,0,185,4,120,0,8,2,0.010101010101010102,1,2005-05-25 00:02:09,1116979329,4,7,2,4
2883,8,32,954,4,19,0,888,0.16771488469601678,907,7,0,11,11,3,8,5,0,2,0,8,907,7,0,11,11,3,8,5,0,2,0,2,63,46,17,1,0,194,1,216,0,14,2,0.0010482180293501047,1,2005-05-25 00:03:09,1116979389,4,6,13,26
2884,17,4,436,4,13,0,385,0.1811926605504587,407,8,0,11,3,1,0,6,0,0,0,6,407,8,0,11,3,1,0,6,0,0,0,12,37,27,10,2,0,201,0,122,0,8,0,0.0,0,2005-05-25 00:04:09,1116979449,4,7,3,6
2885,20,7,424,6,17,0,371,0.18632075471698112,385,14,0,21,0,1,1,0,2,0,0,7,385,14,0,21,0,1,1,0,2,0,0,8,45,39,6,0,0,192,0,100,0,12,0,0.0,0,2005-05-25 00:05:09,1116979509,6,6,9,18
2886,5,14,432,6,14,0,378,0.21345707656612528,391,29,0,2,2,2,0,2,0,0,1,12,391,29,0,2,2,2,0,2,0,0,1,1,48,36,12,4,1,203,10,126,0,4,0,0.023148148148148147,1,2005-05-25 00:06:09,1116979569,6,7,4,8
2887,9,9,404,4,17,0,364,0.25742574257425743,372,14,0,4,2,2,5,2,1,0,0,12,372,14,0,4,2,2,5,2,1,0,0,1,35,28,7,4,0,186,0,110,0,8,0,0.0,0,2005-05-25 00:07:09,1116979629,4,7,16,32
2888,9,5,638,4,19,0,598,0.10031347962382443,618,7,0,2,4,2,1,1,2,1,0,8,618,7,0,2,4,2,1,1,2,1,0,10,30,20,10,0,0,180,0,152,0,6,0,0.0,0,2005-05-25 00:08:09,1116979689,4,9,10,20
2889,23,30,472,4,17,0,394,0.3821656050955414,412,11,0,15,16,7,2,5,1,2,0,8,412,11,0,15,16,7,2,5,1,2,0,9,64,55,9,4,1,201,7,160,0,14,0,0.014830508474576272,1,2005-05-25 00:09:09,1116979749,4,10,4,8
2890,18,12,422,4,19,0,375,0.49052132701421797,385,10,0,4,4,1,1,1,1,1,7,12,385,10,0,4,4,1,1,1,1,1,7,1,45,36,9,1,0,188,3,110,0,10,0,0.007109004739336493,2,2005-05-25 00:10:09,1116979809,4,7,18,36
2891,19,13,698,4,15,0,654,0.1876790830945559,664,1,0,9,13,3,0,6,0,0,0,13,664,1,0,9,13,3,0,6,0,0,0,0,40,30,10,4,0,186,0,172,0,8,0,0.0,0,2005-05-25 00:11:09,1116979869,4,7,22,44
2892,16,19,468,4,17,0,383,0.4465811965811966,416,16,0,9,7,2,3,4,1,2,4,12,416,16,0,9,7,2,3,4,1,2,4,22,54,43,11,9,0,221,4,128,0,8,0,0.008547008547008548,1,2005-05-25 00:12:09,1116979929,4,7,2,4
2893,25,14,448,4,19,0,383,0.5089285714285714,395,15,0,1,8,2,0,21,0,1,5,9,395,15,0,1,8,2,0,21,0,1,5,2,62,52,10,1,0,217,5,120,0,8,8,0.011160714285714286,1,2005-05-25 00:13:09,1116979989,4,8,8,16
2894,4,5,410,4,17,0,359,0.14634146341463414,371,30,0,3,4,1,0,0,0,1,0,8,371,30,0,3,4,1,0,0,0,1,0,4,44,36,8,3,0,188,13,112,0,8,2,0.03170731707317073,2,2005-05-25 00:14:09,1116980049,4,7,5,10
2895,11,10,734,4,19,0,667,0.11307901907356947,695,21,0,8,2,5,0,2,0,1,0,8,695,21,0,8,2,5,0,2,0,1,0,12,48,32,16,7,0,203,4,180,0,14,0,0.005449591280653951,1,2005-05-25 00:15:09,1116980109,4,8,22,44
2896,14,4,390,4,17,0,361,0.20512820512820512,369,4,0,6,2,2,0,0,6,1,0,8,369,4,0,6,2,2,0,0,6,1,0,2,20,14,6,7,0,185,6,90,0,12,0,0.015384615384615384,2,2005-05-25 00:16:09,1116980169,4,7,1,2
2897,9,20,406,4,18,0,355,0.22167487684729065,372,14,0,9,4,1,0,0,6,0,0,7,372,14,0,9,4,1,0,0,6,0,0,5,45,33,12,1,0,187,4,108,0,10,0,0.009852216748768471,1,2005-05-25 00:17:09,1116980229,4,6,8,16
2898,5,8,362,5,17,0,336,0.1132596685082873,341,10,0,3,7,1,0,0,0,0,0,4,341,10,0,3,7,1,0,0,0,0,0,1,22,18,4,3,0,173,0,86,0,8,4,0.0,0,2005-05-25 00:18:09,1116980289,3,6,12,24
2899,5,2,408,4,19,0,367,0.09405940594059406,385,14,0,1,0,2,0,1,0,1,0,8,385,14,0,1,0,2,0,1,0,1,0,12,25,19,6,0,4,193,5,100,0,10,0,0.012254901960784314,1,2005-05-25 00:19:09,1116980349,4,8,8,16
2900,4,9,44,3,17,0,27,1.318181818181818,29,4,0,2,1,5,0,1,0,1,0,13,29,4,0,2,1,5,0,1,0,1,0,0,11,9,2,6,0,18,0,28,0,8,0,0.0,0,2005-05-25 00:20:09,1116980409,3,6,1,2
2901,20,5,420,8,18,0,370,0.32142857142857145,379,16,0,1,11,3,2,5,1,0,0,13,379,16,0,1,11,3,2,5,1,0,0,2,46,39,7,2,0,190,0,110,0,12,11,0.0,0,2005-05-25 00:21:09,1116980469,4,9,10,20
2902,9,16,748,4,17,0,686,0.14037433155080214,704,21,0,8,6,2,0,7,0,0,0,6,704,21,0,8,6,2,0,7,0,0,0,5,54,41,13,3,0,208,1,184,0,12,11,0.001336898395721925,1,2005-05-25 00:22:09,1116980529,4,9,22,44
2903,13,4,426,5,19,0,375,0.18779342723004694,394,11,0,12,2,3,1,1,0,2,0,8,394,11,0,12,2,3,1,1,0,2,0,12,38,31,7,1,0,205,2,116,0,12,0,0.004694835680751174,1,2005-05-25 00:23:09,1116980589,3,8,12,24
2904,21,20,452,6,18,0,374,0.3982300884955752,389,24,0,15,8,8,0,1,0,1,5,11,389,24,0,15,8,8,0,1,0,1,5,5,67,57,10,6,0,192,0,122,0,10,1,0.0,0,2005-05-25 00:24:09,1116980649,6,11,2,4
2905,11,18,448,2,13,0,389,0.29017857142857145,407,11,0,13,4,1,1,10,0,0,0,12,407,11,0,13,4,1,1,10,0,0,0,10,47,39,8,2,0,210,0,140,0,10,2,0.0,0,2005-05-25 00:25:09,1116980709,2,7,2,4
2906,59,3,502,5,19,0,422,0.3764940239043825,428,21,0,34,8,2,0,1,2,6,0,8,428,21,0,34,8,2,0,1,2,6,0,0,78,72,6,2,0,237,4,126,0,12,8,0.00796812749003984,1,2005-05-25 00:26:09,1116980769,5,7,13,26
2907,23,43,500,4,17,0,408,0.34,428,16,0,35,13,2,1,4,0,1,0,8,428,16,0,35,13,2,1,4,0,1,0,12,76,68,8,4,0,242,0,128,0,12,9,0.0,0,2005-05-25 00:27:09,1116980829,4,8,2,4
2908,22,15,434,9,19,0,362,0.30414746543778803,373,21,0,33,2,1,0,0,0,3,0,11,373,21,0,33,2,1,0,0,0,3,0,0,72,61,11,0,0,194,0,120,0,6,2,0.0,0,2005-05-25 00:28:09,1116980889,7,7,15,30
2909,23,11,730,6,17,0,663,0.2054794520547945,692,6,0,7,3,1,17,1,0,1,2,9,692,6,0,7,3,1,17,1,0,1,2,15,50,36,14,2,0,204,0,170,0,10,0,0.0,0,2005-05-25 00:29:09,1116980949,6,9,23,46
2910,10,20,470,3,19,0,415,0.19574468085106386,426,28,0,8,2,2,0,0,0,2,2,9,426,28,0,8,2,2,0,0,0,2,2,3,51,43,8,1,0,212,0,130,0,12,0,0.0,0,2005-05-25 00:30:09,1116981009,3,7,25,50
2911,31,21,516,5,17,0,412,0.4302325581395349,431,47,0,13,2,1,0,18,1,3,0,8,431,47,0,13,2,1,0,18,1,3,0,12,75,68,7,17,0,229,0,136,0,12,2,0.0,0,2005-05-25 00:31:09,1116981069,5,8,5,10
2912,2,21,660,5,19,0,612,0.10757575757575756,621,18,0,19,0,0,0,0,1,1,0,8,621,18,0,19,0,0,0,0,1,1,0,0,41,32,9,7,0,189,0,138,0,8,0,0.0,0,2005-05-25 00:32:09,1116981129,5,6,17,34
2913,18,19,586,4,17,0,497,0.2542662116040956,540,13,0,8,4,15,0,1,0,3,2,9,540,13,0,8,4,15,0,1,0,3,2,15,60,32,28,14,0,268,13,136,0,14,2,0.022184300341296932,2,2005-05-25 00:33:09,1116981189,4,7,15,30
2914,62,12,498,3,12,0,401,0.5200803212851406,418,4,0,7,60,3,0,0,2,1,3,9,418,4,0,7,60,3,0,0,2,1,3,1,93,77,16,3,0,241,2,116,0,10,2,0.004016064257028112,2,2005-05-25 00:34:09,1116981249,3,6,11,22
2915,6,5,430,4,17,0,373,0.1,414,7,0,1,5,1,0,1,0,0,1,9,414,7,0,1,5,1,0,1,0,0,1,29,26,14,12,2,0,204,0,102,0,10,0,0.0,0,2005-05-25 00:35:09,1116981309,4,8,14,28
2916,25,16,708,6,19,0,633,0.22033898305084745,647,24,0,12,8,9,4,2,0,2,0,8,647,24,0,12,8,9,4,2,0,2,0,1,72,59,13,2,0,198,11,164,0,12,2,0.015536723163841809,2,2005-05-25 00:36:09,1116981369,6,8,9,18
2917,6,14,384,4,17,0,343,0.265625,355,10,0,3,2,2,5,3,3,1,0,8,355,10,0,3,2,2,5,3,3,1,0,2,33,23,10,6,0,178,0,106,0,8,1,0.0,0,2005-05-25 00:37:09,1116981429,4,6,16,32
2918,8,7,402,5,19,0,349,0.15422885572139305,370,17,0,10,2,1,0,0,1,1,0,8,370,17,0,10,2,1,0,0,1,1,0,11,39,29,10,3,0,191,5,112,2,8,6,0.01243781094527363,1,2005-05-25 00:38:09,1116981489,5,6,18,36
2919,6,7,388,17,17,0,343,0.09278350515463918,373,9,0,2,1,0,1,0,1,1,0,8,373,9,0,2,1,0,1,0,1,1,0,20,22,12,10,3,0,192,5,96,0,8,0,0.01288659793814433,1,2005-05-25 00:39:09,1116981549,5,5,3,6
2920,3,4,362,4,15,0,328,0.1298342541436464,340,12,1,6,0,2,1,0,0,0,0,10,340,12,1,6,0,2,1,0,0,0,0,1,33,22,11,0,0,175,5,106,0,8,2,0.013812154696132596,1,2005-05-25 00:40:09,1116981609,4,8,7,14
2921,6,3,488,4,19,0,377,0.20901639344262296,406,74,0,3,2,2,0,0,0,1,0,8,406,74,0,3,2,2,0,0,0,1,0,13,98,82,16,0,0,232,37,114,0,14,9,0.07581967213114754,1,2005-05-25 00:41:09,1116981669,4,6,18,36
2922,8,16,894,7,19,0,765,0.19015659955257272,799,71,0,4,9,3,0,6,0,2,0,8,799,71,0,4,9,3,0,6,0,2,0,12,115,93,22,2,0,279,8,212,0,14,9,0.008948545861297539,1,2005-05-25 00:42:09,1116981729,6,6,11,22
2923,4,5,360,5,11,0,334,0.10833333333333334,343,5,0,5,4,3,0,0,0,0,0,4,343,5,0,5,4,3,0,0,0,0,0,0,24,15,9,2,0,174,3,94,0,8,0,0.008333333333333333,1,2005-05-25 00:43:09,1116981789,5,6,7,14
2924,10,10,440,17,17,0,394,0.14772727272727273,412,6,0,14,5,2,0,0,0,1,0,8,412,6,0,14,5,2,0,0,0,1,0,1,39,22,17,6,0,211,5,120,0,16,1,0.011363636363636364,1,2005-05-25 00:44:09,1116981849,5,6,3,6
2925,42,7,434,5,15,0,372,0.3271889400921659,378,21,0,17,5,6,0,5,1,0,0,11,378,21,0,17,5,6,0,5,1,0,0,0,60,54,6,2,0,199,13,126,0,10,2,0.029953917050691243,2,2005-05-25 00:45:09,1116981909,5,8,21,42
2926,19,12,428,6,17,0,359,0.3271028037383177,386,12,0,6,9,1,1,11,2,0,0,7,386,12,0,6,9,1,1,11,2,0,0,13,53,39,14,3,0,196,5,128,0,10,1,0.011682242990654205,1,2005-05-25 00:46:09,1116981969,6,6,27,54
2927,14,5,410,4,19,0,361,0.18292682926829268,386,7,0,7,1,1,5,0,2,1,0,8,386,7,0,7,1,1,5,0,2,1,0,14,35,24,11,0,0,192,0,108,0,12,0,0.0,0,2005-05-25 00:47:09,1116982029,4,8,9,18
2928,11,7,358,17,17,0,325,0.2206703910614525,335,7,0,3,5,1,1,2,2,2,0,8,335,7,0,3,5,1,1,2,2,2,0,1,31,22,9,1,0,171,0,96,0,10,2,0.0,0,2005-05-25 00:48:09,1116982089,5,7,15,30
2929,11,18,406,4,19,0,349,0.19458128078817732,371,7,0,20,4,3,0,0,0,1,0,8,371,7,0,20,4,3,0,0,0,1,0,10,37,25,12,10,0,186,0,98,0,10,0,0.0,0,2005-05-25 00:49:09,1116982149,4,6,10,20
2930,5,8,590,5,17,0,555,0.0711864406779661,574,6,0,5,0,3,0,1,0,1,0,8,574,6,0,5,0,3,0,1,0,1,0,10,25,16,9,0,0,194,0,126,0,8,0,0.0,0,2005-05-25 00:50:09,1116982209,5,6,4,8
2931,6,6,392,3,19,0,356,0.11479591836734696,373,7,0,5,4,2,0,0,0,1,0,8,373,7,0,5,4,2,0,0,0,1,0,1,34,18,16,1,0,179,0,106,0,12,0,0.0,0,2005-05-25 00:51:09,1116982269,3,6,5,10
2932,12,4,374,5,17,0,337,0.15775401069518716,354,5,0,7,3,3,0,0,0,1,0,11,354,5,0,7,3,3,0,0,0,1,0,1,33,17,16,3,0,183,0,98,0,8,0,0.0,0,2005-05-25 00:52:09,1116982329,5,6,20,40
2933,12,12,396,4,16,0,347,0.4267676767676768,369,8,0,3,3,1,0,0,0,0,0,13,369,8,0,3,3,1,0,0,0,0,0,11,32,21,11,6,0,189,0,100,0,6,0,0.0,0,2005-05-25 00:53:09,1116982389,4,8,2,4
2934,7,24,706,5,19,0,639,0.1558073654390935,658,26,0,6,5,4,5,0,0,2,0,8,658,26,0,6,5,4,5,0,0,2,0,7,51,39,12,9,0,200,3,168,0,10,0,0.00424929178470255,1,2005-05-25 00:54:09,1116982449,5,8,3,6
2935,8,4,372,4,11,0,339,0.1129032258064516,353,11,0,3,1,2,0,0,2,0,0,7,353,11,0,3,1,2,0,0,2,0,0,8,24,18,6,1,0,182,4,94,0,6,0,0.010752688172043013,1,2005-05-25 00:55:09,1116982509,4,8,3,6
2936,5,8,350,5,19,0,324,0.15142857142857144,331,5,0,6,5,1,0,0,0,1,1,9,331,5,0,6,5,1,0,0,0,1,1,1,24,18,6,1,0,171,8,96,0,6,1,0.022727272727272728,2,2005-05-25 00:56:09,1116982569,5,7,23,46
2937,6,17,426,4,17,0,368,0.1807511737089202,397,14,0,3,5,1,0,5,0,1,0,8,397,14,0,3,5,1,0,5,0,1,0,18,39,28,11,1,0,200,8,102,0,10,0,0.018779342723004692,2,2005-05-25 00:57:09,1116982629,4,6,3,6
2938,6,6,396,6,19,0,368,0.09343434343434344,381,5,0,6,2,0,0,1,0,1,0,8,381,5,0,6,2,0,0,1,0,1,0,2,22,11,11,4,0,193,0,98,0,12,1,0.0,0,2005-05-25 00:58:09,1116982689,6,7,1,2
2939,16,8,652,4,17,0,601,0.18711656441717792,616,12,0,9,0,0,0,14,0,1,0,8,616,12,0,9,0,0,0,14,0,1,0,6,40,31,9,5,0,202,5,154,0,14,1,0.007668711656441719,1,2005-05-25 00:59:09,1116982749,4,6,20,40
2940,39,4,640,4,11,0,443,0.7078125,475,42,0,88,7,1,2,0,0,25,0,8,475,42,0,88,7,1,2,0,0,25,0,1,167,136,31,29,0,311,50,182,0,4,0,0.078125,2,2005-05-25 01:00:09,1116982809,4,6,52,104
2941,73,3,544,3,17,0,428,0.6084558823529411,459,9,0,3,2,65,1,1,0,0,3,12,459,9,0,3,2,65,1,1,0,0,3,20,92,81,11,4,0,257,4,120,0,8,0,0.007352941176470587,1,2005-05-25 01:01:09,1116982869,3,6,16,32
2942,1,12,356,4,17,0,329,0.10674157303370786,338,5,0,8,3,2,0,0,0,0,0,4,338,5,0,8,3,2,0,0,0,0,0,2,18,11,7,7,0,171,1,96,0,8,0,0.002808988764044944,1,2005-05-25 01:02:09,1116982929,4,6,12,24
2943,12,5,130,4,9,0,97,0.4615384615384616,107,9,0,7,1,1,0,5,0,0,0,6,107,9,0,7,1,1,0,5,0,0,0,7,26,23,3,0,0,50,0,76,0,8,0,0.0,0,2005-05-25 01:03:09,1116982989,4,7,4,8
2944,7,11,750,5,17,0,690,0.12933333333333333,716,17,0,3,5,1,1,5,1,0,0,13,716,17,0,3,5,1,1,5,1,0,0,14,45,33,12,1,0,204,11,176,0,16,0,0.014666666666666666,1,2005-05-25 01:04:09,1116983049,5,8,22,44
2945,24,6,394,8,22,0,353,0.3096446700507614,363,1,0,8,9,4,0,6,1,1,0,11,363,1,0,8,9,4,0,6,1,1,0,1,38,29,9,2,0,187,2,122,0,6,0,0.005076142131979695,1,2005-05-25 01:05:09,1116983109,4,10,10,20
2946,9,1,456,6,19,0,399,0.17763157894736842,412,30,0,5,5,1,0,0,2,1,0,8,412,30,0,5,5,1,0,0,2,1,0,5,51,43,8,1,0,204,0,116,0,12,0,0.0,0,2005-05-25 01:06:09,1116983169,4,7,4,8
2947,2,21,414,4,11,0,362,0.2705314009661836,374,10,0,13,8,2,0,5,2,0,0,7,374,10,0,13,8,2,0,5,2,0,0,5,45,38,7,2,0,195,4,108,0,4,0,0.00966183574879227,2,2005-05-25 01:07:09,1116983229,4,6,14,28
2948,8,9,514,4,19,0,394,0.2821011673151751,436,25,0,49,2,0,0,0,0,2,0,8,436,25,0,49,2,0,0,0,0,2,0,15,102,75,27,3,0,244,8,130,0,12,1,0.01556420233463035,1,2005-05-25 01:08:09,1116983289,4,6,1,2
2949,12,47,494,4,11,0,396,0.5526315789473685,405,26,0,23,0,3,36,0,0,0,1,9,405,26,0,23,0,3,36,0,0,0,1,0,85,76,9,13,0,238,1,110,0,6,3,0.0020242914979757085,1,2005-05-25 01:09:09,1116983349,4,6,4,8
2950,12,92,712,6,17,0,503,0.9508426966292136,516,93,0,6,9,34,8,15,1,2,27,13,516,93,0,6,9,34,8,15,1,2,27,2,192,181,11,15,0,310,11,178,0,12,1,0.01544943820224719,1,2005-05-25 01:10:09,1116983409,6,6,3,6
2951,18,10,480,4,11,0,418,0.175,428,35,0,9,4,3,0,0,1,0,0,7,428,35,0,9,4,3,0,0,1,0,0,2,55,47,8,5,0,205,0,154,0,8,2,0.0,0,2005-05-25 01:11:09,1116983469,4,6,3,6
2952,7,17,902,3,17,0,752,0.2450110864745011,770,84,0,40,5,0,0,0,0,0,0,16,770,84,0,40,5,0,0,0,0,0,0,0,149,131,18,1,0,282,15,220,0,10,0,0.01662971175166297,1,2005-05-25 01:12:09,1116983529,3,7,6,12
2953,3,5,356,4,17,0,341,0.06460674157303371,346,2,0,4,3,1,0,0,0,0,0,4,346,2,0,4,3,1,0,0,0,0,0,0,15,10,5,0,0,172,2,92,0,6,0,0.005617977528089888,1,2005-05-25 01:13:09,1116983589,4,7,0,0
2954,3,8,368,11,12,0,346,0.11413043478260868,353,3,0,8,1,2,0,0,0,0,0,12,353,3,0,8,1,2,0,0,0,0,0,0,19,12,7,3,0,178,5,94,0,6,0,0.01358695652173913,1,2005-05-25 01:14:09,1116983649,5,8,3,6
2955,142,4,656,5,22,0,500,0.4984756097560976,507,17,1,106,24,0,0,0,0,0,0,16,507,17,1,106,24,0,0,0,0,0,0,1,155,149,6,0,0,310,48,152,0,12,3,0.07317073170731707,2,2005-05-25 01:15:09,1116983709,5,10,1,2
2956,10,19,700,4,11,0,647,0.08428571428571427,659,25,0,15,0,1,0,0,0,0,0,4,659,25,0,15,0,1,0,0,0,0,0,2,40,30,10,11,0,193,1,160,0,10,2,0.0014285714285714286,1,2005-05-25 01:16:09,1116983769,4,6,12,24
2957,6,13,402,5,17,0,363,0.1417910447761194,370,13,0,15,2,2,0,0,0,0,0,4,370,13,0,15,2,2,0,0,0,0,0,1,33,27,6,5,0,185,0,102,0,16,1,0.0,0,2005-05-25 01:17:09,1116983829,5,6,7,14
2958,21,29,442,4,19,0,369,0.2918552036199095,379,23,0,27,9,0,2,0,1,1,0,8,379,23,0,27,9,0,2,0,1,1,0,2,71,63,8,0,0,207,13,130,0,8,2,0.029411764705882356,1,2005-05-25 01:18:09,1116983889,4,8,8,16
2959,131,109,1300,10,17,0,797,0.6469230769230769,828,222,0,180,40,21,4,3,0,1,1,9,828,222,0,180,40,21,4,3,0,1,1,7,492,468,24,4,0,617,11,500,0,10,0,0.008461538461538461,1,2005-05-25 01:19:09,1116983949,8,8,19,38
2960,7,8,396,18,18,0,357,0.10126582278481013,376,6,0,7,4,2,0,0,0,0,0,4,376,6,0,7,4,2,0,0,0,0,0,11,25,17,8,2,1,189,0,104,0,8,0,0.0,0,2005-05-25 01:20:09,1116984009,6,8,4,8
2961,3,15,670,6,17,0,629,0.11044776119402984,643,9,0,3,8,1,5,1,0,0,0,6,643,9,0,3,8,1,5,1,0,0,0,2,35,23,12,4,0,183,2,154,0,8,0,0.0029850746268656717,1,2005-05-25 01:21:09,1116984069,6,8,3,6
2962,6,8,380,4,19,0,348,0.14473684210526316,357,9,0,4,7,1,1,0,0,1,0,8,357,9,0,4,7,1,1,0,0,1,0,0,31,22,9,1,0,182,3,104,0,6,0,0.007894736842105262,1,2005-05-25 01:22:09,1116984129,4,7,19,38
2963,5,5,370,6,17,0,337,0.0945945945945946,353,10,0,2,3,1,0,0,0,1,0,8,353,10,0,2,3,1,0,0,0,1,0,8,19,11,8,6,0,172,0,88,0,8,0,0.0,0,2005-05-25 01:23:09,1116984189,6,7,8,16
2964,3,7,404,4,19,0,355,0.11633663366336636,373,24,0,4,1,1,0,0,0,1,0,8,373,24,0,4,1,1,0,0,0,1,0,10,33,25,8,6,0,200,0,90,0,10,0,0.0,0,2005-05-25 01:24:09,1116984249,4,7,1,2
2965,9,4,388,4,17,0,353,0.13144329896907214,361,15,0,6,4,1,0,0,0,1,0,8,361,15,0,6,4,1,0,0,0,1,0,0,34,26,8,1,0,189,0,94,0,8,0,0.0,0,2005-05-25 01:25:09,1116984309,4,6,1,2
2966,123,15,640,6,19,0,482,0.521875,490,8,0,110,27,3,1,0,0,1,0,8,490,8,0,110,27,3,1,0,0,1,0,2,154,148,6,2,0,300,11,170,0,8,2,0.0171875,2,2005-05-25 01:26:09,1116984369,6,8,13,26
2967,5,12,728,4,17,0,669,0.10851648351648352,694,17,0,4,7,3,1,0,0,2,0,8,694,17,0,4,7,3,1,0,0,2,0,14,45,34,11,0,0,203,0,190,0,10,2,0.0,0,2005-05-25 01:27:09,1116984429,4,6,2,4
2968,5,111,572,4,19,0,443,0.4527972027972028,451,11,0,88,20,1,0,0,0,1,0,8,451,11,0,88,20,1,0,0,0,1,0,1,127,120,7,1,0,278,3,138,0,6,0,0.005244755244755245,1,2005-05-25 01:28:09,1116984489,4,7,15,30
2969,12,7,404,7,17,0,363,0.15346534653465346,379,8,0,7,4,5,0,0,0,1,0,8,379,8,0,7,4,5,0,0,0,1,0,7,29,20,9,5,0,194,5,122,0,14,2,0.012376237623762377,1,2005-05-25 01:29:09,1116984549,7,7,3,6
2970,16,19,160,4,19,0,104,0.6625,114,17,0,11,10,6,1,0,0,1,0,8,114,17,0,11,10,6,1,0,0,1,0,5,47,42,5,4,0,61,0,80,0,10,2,0.0,0,2005-05-25 01:30:09,1116984609,4,8,18,36
2971,13,12,432,18,18,0,377,0.2037037037037037,400,10,0,10,1,6,1,3,0,1,0,8,400,10,0,10,1,6,1,3,0,1,0,17,36,30,6,2,0,201,4,106,0,12,0,0.009259259259259259,1,2005-05-25 01:31:09,1116984669,6,6,4,8
2972,13,17,402,4,17,0,352,0.29850746268656714,361,14,0,11,7,2,1,0,3,0,2,11,361,14,0,11,7,2,1,0,3,0,2,1,48,40,8,1,0,187,3,122,0,10,0,0.00746268656716418,1,2005-05-25 01:32:09,1116984729,4,6,1,2
2973,10,6,396,7,11,0,371,0.1085858585858586,379,3,0,6,6,1,0,1,0,0,0,6,379,3,0,6,6,1,0,1,0,0,0,0,24,16,8,1,0,178,1,106,0,8,0,0.002512562814070352,1,2005-05-25 01:33:09,1116984789,7,7,3,6
2974,5,11,490,3,17,0,443,0.12448979591836735,467,8,0,6,5,0,1,1,1,1,0,8,467,8,0,6,5,0,1,1,1,1,0,18,28,22,6,1,0,195,1,146,0,12,0,0.0020408163265306124,1,2005-05-25 01:34:09,1116984849,3,7,17,34
2975,2,3,342,4,11,0,327,0.07602339181286549,335,1,0,1,1,3,0,0,0,1,0,8,335,1,0,1,1,3,0,0,0,1,0,2,13,7,6,0,0,168,0,78,0,6,0,0.0,0,2005-05-25 01:35:09,1116984909,4,6,3,6
2976,6,5,372,17,17,0,346,0.08355795148247977,354,5,0,10,2,0,0,0,0,0,0,3,354,5,0,10,2,0,0,0,0,0,0,3,19,14,5,3,1,172,4,88,0,8,0,0.010752688172043013,1,2005-05-25 01:36:09,1116984969,5,5,1,2
2977,10,13,392,5,19,0,353,0.1556122448979592,364,13,0,4,8,2,0,0,0,1,0,8,364,13,0,4,8,2,0,0,0,1,0,1,36,26,10,2,0,183,0,106,0,6,0,0.0,0,2005-05-25 01:37:09,1116985029,5,7,12,24
2978,8,11,408,6,17,0,365,0.14742014742014742,386,2,0,8,7,2,1,0,0,1,0,8,386,2,0,8,7,2,1,0,0,1,0,11,31,21,10,0,1,189,5,106,0,10,0,0.012254901960784314,1,2005-05-25 01:38:09,1116985089,6,6,1,2
2979,9,4,654,4,11,0,625,0.059633027522935776,639,5,0,5,2,1,0,0,2,0,0,7,639,5,0,5,2,1,0,0,2,0,0,0,28,14,14,1,0,175,1,146,0,8,0,0.001529051987767584,1,2005-05-25 01:39:09,1116985149,4,8,3,6
2980,7,13,398,4,19,0,360,0.20603015075376885,373,4,0,7,4,5,2,1,0,2,0,8,373,4,0,7,4,5,2,1,0,2,0,1,34,22,12,3,0,186,6,110,0,10,0,0.01507537688442211,1,2005-05-25 01:40:09,1116985209,4,6,17,34
2981,7,5,358,7,11,0,337,0.08100558659217877,346,0,0,8,3,1,0,0,0,0,0,4,346,0,0,8,3,1,0,0,0,0,0,2,17,10,7,2,0,174,2,88,0,8,0,0.00558659217877095,1,2005-05-25 01:41:09,1116985269,7,7,14,28
2982,11,11,706,5,11,0,649,0.11048158640226627,677,6,0,13,4,1,0,5,0,0,0,6,677,6,0,13,4,1,0,5,0,0,0,16,35,23,12,6,0,196,1,148,0,10,0,0.00141643059490085,1,2005-05-25 01:42:09,1116985329,5,7,1,2
2983,6,1,388,4,17,0,350,0.1211340206185567,358,20,0,3,7,0,0,0,0,0,0,3,358,20,0,3,7,0,0,0,0,0,0,2,36,30,6,0,0,190,0,76,0,8,0,0.0,0,2005-05-25 01:43:09,1116985389,4,7,0,0
2984,4,5,370,4,11,0,330,0.14594594594594595,336,24,0,3,4,3,0,0,0,0,0,4,336,24,0,3,4,3,0,0,0,0,0,0,39,33,6,1,0,181,0,80,0,2,0,0.0,0,2005-05-25 01:44:09,1116985449,4,5,11,22
2985,7,9,382,4,17,0,346,0.17539267015706805,360,6,0,4,5,2,0,5,0,0,0,6,360,6,0,4,5,2,0,5,0,0,0,8,27,21,6,1,0,176,0,88,0,10,1,0.0,0,2005-05-25 01:45:09,1116985509,4,7,11,22
2986,15,3,412,10,18,0,359,0.1407766990291262,378,22,0,7,2,1,0,2,0,0,0,6,378,22,0,7,2,1,0,2,0,0,0,13,39,33,6,1,0,189,6,120,0,8,1,0.014563106796116504,1,2005-05-25 01:46:09,1116985569,9,9,16,32
2987,8,13,422,4,17,0,375,0.22037914691943128,397,9,0,5,3,2,1,3,0,0,0,17,397,9,0,5,3,2,1,3,0,0,0,13,29,20,9,5,0,185,2,112,0,16,1,0.0047393364928909965,1,2005-05-25 01:47:09,1116985629,4,7,3,6
2988,7,3,364,4,18,0,334,0.1456043956043956,344,14,0,2,1,0,0,0,0,1,0,12,344,14,0,2,1,0,0,0,0,1,0,2,26,18,8,2,0,177,0,90,0,10,1,0.0,0,2005-05-25 01:48:09,1116985689,4,6,14,28
2989,5,6,380,4,17,0,343,0.07631578947368421,362,11,0,4,2,1,0,0,0,0,0,4,362,11,0,4,2,1,0,0,0,0,0,10,25,16,9,2,0,180,0,96,0,6,0,0.0,0,2005-05-25 01:49:09,1116985749,4,6,0,0
2990,8,11,592,5,11,0,561,0.0912162162162162,568,11,0,2,9,0,0,2,0,0,0,6,568,11,0,2,9,0,0,2,0,0,0,1,29,23,6,1,0,174,0,122,0,4,0,0.0,0,2005-05-25 01:50:09,1116985809,5,7,2,4
2991,9,11,406,4,17,0,364,0.2832512315270936,372,14,0,7,4,2,3,0,0,0,0,13,372,14,0,7,4,2,3,0,0,0,0,1,41,34,7,0,0,191,10,114,0,6,0,0.024630541871921183,1,2005-05-25 01:51:09,1116985869,4,7,1,2
2992,10,11,382,5,18,0,340,0.17277486910994766,349,18,0,6,4,3,1,0,1,0,0,7,349,18,0,6,4,3,1,0,1,0,0,1,40,32,8,1,0,184,0,104,0,8,1,0.0,0,2005-05-25 01:52:09,1116985929,5,7,23,46
2993,9,8,722,4,17,0,657,0.07340720221606649,701,9,0,6,3,1,0,0,1,0,0,12,701,9,0,6,3,1,0,0,1,0,0,24,40,20,20,1,0,192,1,164,0,8,1,0.0013850415512465374,1,2005-05-25 01:53:09,1116985989,4,6,6,12
2994,10,7,372,5,18,0,343,0.12365591397849462,352,7,0,6,4,0,3,0,0,0,0,5,352,7,0,6,4,0,3,0,0,0,0,1,24,16,8,4,0,171,0,86,0,10,0,0.0,0,2005-05-25 01:54:09,1116986049,5,7,2,4
2995,6,25,418,4,17,0,373,0.34210526315789475,382,11,0,4,4,1,3,0,12,0,1,9,382,11,0,4,4,1,3,0,12,0,1,3,41,35,6,1,0,190,0,100,0,8,0,0.0,0,2005-05-25 01:55:09,1116986109,4,6,3,6
2996,7,9,390,4,11,0,349,0.13846153846153847,356,20,0,10,2,2,0,0,0,0,0,4,356,20,0,10,2,2,0,0,0,0,0,1,39,33,6,1,0,186,0,100,0,6,0,0.0,0,2005-05-25 01:56:09,1116986169,4,6,12,24
2997,6,5,382,4,19,0,344,0.10732984293193716,361,11,0,8,0,0,0,1,0,1,0,8,361,11,0,8,0,0,0,1,0,1,0,11,26,20,6,1,0,184,0,96,0,10,1,0.0,0,2005-05-25 01:57:09,1116986229,4,6,3,6
2998,19,21,730,4,19,0,656,0.1931506849315069,671,20,0,14,17,5,0,1,0,2,0,8,671,20,0,14,17,5,0,1,0,2,0,5,66,56,10,3,0,200,10,188,0,16,1,0.0136986301369863,2,2005-05-25 01:58:09,1116986289,4,7,6,12
2999,8,4,386,4,11,0,348,0.13471502590673576,354,18,0,9,4,1,0,0,0,0,0,4,354,18,0,9,4,1,0,0,0,0,0,0,38,32,6,0,0,180,0,100,0,8,0,0.0,0,2005-05-25 01:59:09,1116986349,4,6,11,22
3000,18,17,474,5,17,0,404,0.2489451476793249,422,28,0,7,6,5,0,5,0,1,0,8,422,28,0,7,6,5,0,5,0,1,0,11,55,48,7,4,0,218,8,138,0,14,1,0.016877637130801686,1,2005-05-25 02:00:09,1116986409,5,6,4,8
3001,14,6,670,8,19,0,621,0.12985074626865672,631,18,0,7,7,4,2,0,0,1,0,8,631,18,0,7,7,4,2,0,0,1,0,0,49,39,10,0,0,196,0,160,0,8,1,0.0,0,2005-05-25 02:01:09,1116986469,8,9,2,4
3002,10,11,670,4,17,0,633,0.11343283582089553,641,10,0,6,2,10,0,0,0,1,0,8,641,10,0,6,2,10,0,0,0,1,0,0,35,27,8,2,0,191,0,150,0,12,1,0.0,0,2005-05-25 02:02:09,1116986529,4,9,5,10
3003,20,12,398,4,19,0,356,0.23618090452261306,362,12,0,8,8,2,4,1,0,1,0,8,362,12,0,8,8,2,4,1,0,1,0,1,39,34,5,2,0,189,0,110,0,12,1,0.0,0,2005-05-25 02:03:09,1116986589,4,10,13,26
3004,7,6,392,4,17,0,348,0.1176470588235294,368,12,0,6,2,2,0,0,0,1,0,8,368,12,0,6,2,2,0,0,0,1,0,12,29,21,8,2,1,191,2,88,0,12,2,0.005102040816326529,1,2005-05-25 02:04:09,1116986649,4,7,3,6
3005,35,20,1026,4,19,0,812,0.4171539961013645,828,34,0,136,14,4,0,7,2,1,0,8,828,34,0,136,14,4,0,7,2,1,0,2,211,197,14,1,0,332,0,216,0,22,3,0.0,0,2005-05-25 02:05:09,1116986709,4,9,11,22
3006,8,18,372,5,17,0,336,0.21621621621621626,342,5,0,8,6,7,1,0,0,1,0,8,342,5,0,8,6,7,1,0,0,1,0,0,32,26,6,2,2,178,0,100,0,6,0,0.0,0,2005-05-25 02:06:09,1116986769,5,6,10,20
3007,5,4,382,4,11,0,349,0.10471204188481677,364,5,0,6,5,2,0,0,0,0,0,4,364,5,0,6,5,2,0,0,0,0,0,7,25,17,8,1,0,176,0,84,2,12,2,0.0,0,2005-05-25 02:07:09,1116986829,4,6,11,22
3008,4,3,614,4,18,0,453,0.43485342019543977,479,9,0,122,2,2,0,0,0,0,0,4,479,9,0,122,2,2,0,0,0,0,0,17,144,135,9,0,0,302,0,110,2,6,4,0.0,0,2005-05-25 02:08:09,1116986889,4,6,15,30
3009,6,6,380,4,17,0,352,0.0868421052631579,366,5,0,3,3,2,1,0,0,0,0,5,366,5,0,3,3,2,1,0,0,0,0,8,17,11,6,3,0,177,2,98,0,12,0,0.005263157894736842,1,2005-05-25 02:09:09,1116986949,4,7,2,4
3010,5,6,596,5,18,0,571,0.07046979865771813,580,5,0,2,4,4,1,0,0,0,0,5,580,5,0,2,4,4,1,0,0,0,0,1,24,16,8,0,0,172,2,122,0,14,0,0.003355704697986577,1,2005-05-25 02:10:09,1116987009,5,6,14,28
3011,5,8,364,5,17,0,337,0.0989010989010989,346,7,0,6,3,2,0,0,0,0,0,4,346,7,0,6,3,2,0,0,0,0,0,3,22,16,6,2,0,170,11,92,0,10,0,0.03021978021978022,2,2005-05-25 02:11:09,1116987069,5,6,2,4
3012,1,4,620,5,11,0,456,0.4274193548387097,481,15,0,122,2,0,0,0,0,0,0,3,481,15,0,122,2,0,0,0,0,0,0,11,152,138,14,1,0,304,2,106,0,6,1,0.0032258064516129032,1,2005-05-25 02:12:09,1116987129,5,6,11,22
3013,11,5,464,4,17,0,389,0.2435344827586207,405,10,0,45,3,1,0,0,0,0,0,4,405,10,0,45,3,1,0,0,0,0,0,9,65,58,7,1,0,220,5,106,0,16,1,0.010775862068965518,1,2005-05-25 02:13:09,1116987189,4,7,5,10
3014,8,8,370,2,19,0,334,0.13243243243243244,346,11,0,7,4,1,0,0,0,1,0,8,346,11,0,7,4,1,0,0,0,1,0,5,31,24,7,0,0,175,0,98,0,12,0,0.0,0,2005-05-25 02:14:09,1116987249,2,7,19,38
3015,12,2,384,4,17,0,353,0.09114583333333333,367,7,0,8,0,1,0,0,0,1,0,8,367,7,0,8,0,1,0,0,0,1,0,7,23,16,7,1,0,179,11,86,0,12,0,0.028645833333333325,3,2005-05-25 02:15:09,1116987309,4,7,0,0
3016,3,16,388,2,11,0,340,0.19329896907216496,356,13,0,10,2,0,6,1,0,0,0,6,356,13,0,10,2,0,6,1,0,0,0,10,38,32,6,0,0,189,2,84,0,6,2,0.005154639175257732,1,2005-05-25 02:16:09,1116987369,2,6,13,26
3017,9,6,374,4,17,0,339,0.13368983957219252,353,6,0,6,5,3,1,0,0,0,0,5,353,6,0,6,5,3,1,0,0,0,0,9,24,19,5,2,0,172,0,90,0,8,0,0.0,0,2005-05-25 02:17:09,1116987429,4,7,2,4
3018,12,5,372,8,11,0,341,0.16666666666666666,349,9,0,5,3,1,0,5,0,0,0,6,349,9,0,5,3,1,0,5,0,0,0,2,29,23,6,0,0,177,0,102,0,8,0,0.0,0,2005-05-25 02:18:09,1116987489,4,6,12,24
3019,7,12,428,6,17,0,382,0.17289719626168226,403,5,0,7,7,1,0,5,0,0,0,6,403,5,0,7,7,1,0,5,0,0,0,13,32,24,8,1,0,193,1,128,0,6,0,0.002336448598130841,1,2005-05-25 02:19:09,1116987549,6,7,9,18
3020,18,7,692,5,19,0,643,0.1184971098265896,663,9,0,9,3,2,0,5,0,1,0,8,663,9,0,9,3,2,0,5,0,1,0,7,39,26,13,3,0,180,0,178,0,12,0,0.0,0,2005-05-25 02:20:09,1116987609,5,8,5,10
3021,2,6,352,4,17,0,330,0.11079545454545454,338,5,0,1,5,1,1,0,0,1,0,8,338,5,0,1,5,1,1,0,0,1,0,2,18,12,6,2,0,172,2,92,0,6,0,0.005681818181818182,1,2005-05-25 02:21:09,1116987669,4,6,2,4
3022,13,8,406,3,19,0,372,0.18472906403940886,382,4,0,2,12,3,1,1,0,1,0,8,382,4,0,2,12,3,1,1,0,1,0,0,31,21,10,3,0,194,0,94,0,14,2,0.0,0,2005-05-25 02:22:09,1116987729,3,7,13,26
3023,25,28,718,6,11,0,637,0.3217270194986073,657,7,0,4,3,36,3,8,0,0,0,6,657,7,0,4,3,36,3,8,0,0,0,10,69,59,10,2,0,201,5,138,0,12,46,0.0069637883008356535,2,2005-05-25 02:23:09,1116987789,6,6,2,4
3024,12,17,436,4,17,0,390,0.3211009174311927,402,2,0,13,7,1,0,7,0,1,0,13,402,2,0,13,7,1,0,7,0,1,0,1,43,32,11,2,0,213,29,122,0,6,1,0.06651376146788991,2,2005-05-25 02:24:09,1116987849,4,8,2,4
3025,64,39,584,7,22,0,452,0.8373287671232876,456,35,1,43,11,14,0,5,1,0,0,13,456,35,1,43,11,14,0,5,1,0,0,0,131,127,4,1,0,264,13,160,0,8,0,0.022260273972602742,2,2005-05-25 02:25:09,1116987909,4,10,9,18
3026,10,51,940,6,17,0,827,0.21595744680851064,851,10,0,49,26,3,1,0,0,0,0,5,851,10,0,49,26,3,1,0,0,0,0,16,91,83,8,6,0,433,6,280,0,18,3,0.006382978723404255,1,2005-05-25 02:26:09,1116987969,5,7,13,26
3027,148,140,1414,8,17,0,996,0.8026874115983027,1017,7,0,204,133,21,2,14,6,3,4,15,1017,7,0,204,133,21,2,14,6,3,4,1,416,396,20,1,0,480,5,410,0,12,6,0.003536067892503536,1,2005-05-25 02:27:09,1116988029,7,7,1,2
3028,36,18,466,4,17,0,399,0.3605150214592275,406,16,0,9,24,3,4,0,3,0,1,9,406,16,0,9,24,3,4,0,3,0,1,1,62,56,6,4,0,218,0,132,0,12,3,0.0,0,2005-05-25 02:28:09,1116988089,4,7,1,2
3029,13,31,428,4,11,0,369,0.3014018691588785,374,19,0,5,24,2,4,0,0,0,0,5,374,19,0,5,24,2,4,0,0,0,0,1,58,54,4,0,0,208,8,122,0,8,2,0.018691588785046728,2,2005-05-25 02:29:09,1116988149,4,7,12,24
3030,4,7,402,4,17,0,375,0.10696517412935323,384,5,0,7,5,0,0,0,0,0,1,9,384,5,0,7,5,0,0,0,0,0,1,3,24,18,6,0,0,192,2,102,0,12,1,0.0049751243781094535,2,2005-05-25 02:30:09,1116988209,4,7,3,6
3031,20,5,414,5,17,0,368,0.1642512077294686,385,7,0,19,0,1,0,0,0,1,0,11,385,7,0,19,0,1,0,0,0,1,0,13,32,28,4,1,0,185,0,110,0,14,4,0.0,0,2005-05-25 02:31:09,1116988269,5,8,12,24
3032,68,26,880,4,17,0,744,0.3034090909090909,773,25,0,17,61,1,0,1,1,1,0,8,773,25,0,17,61,1,0,1,1,1,0,7,118,96,22,11,0,263,0,180,0,28,11,0.0,0,2005-05-25 02:32:09,1116988329,4,8,4,8
3033,13,5,376,8,19,0,344,0.15733333333333333,351,8,0,9,3,1,0,2,0,1,0,8,351,8,0,9,3,1,0,2,0,1,0,1,29,23,6,1,1,179,2,106,0,6,1,0.0053191489361702135,1,2005-05-25 02:33:09,1116988389,5,10,15,30
3034,4,11,384,4,17,0,347,0.15104166666666666,365,2,0,7,7,1,0,0,0,1,1,9,365,2,0,7,7,1,0,0,0,1,1,12,24,18,6,1,0,184,2,90,0,10,1,0.005208333333333333,1,2005-05-25 02:34:09,1116988449,4,7,2,4
3035,7,3,194,4,18,0,175,0.1243523316062176,180,5,0,6,1,1,0,0,0,0,0,4,180,5,0,6,1,1,0,0,0,0,0,1,17,13,4,0,1,93,0,68,0,12,2,0.0,0,2005-05-25 02:35:09,1116988509,4,6,4,8
3036,10,4,524,5,11,0,414,0.3931297709923664,419,10,0,92,1,1,1,0,0,0,0,5,419,10,0,92,1,1,1,0,0,0,0,1,108,104,4,1,0,253,0,104,0,4,0,0.0,0,2005-05-25 02:36:09,1116988569,5,6,14,28
3037,16,10,426,4,17,0,360,0.19014084507042253,380,18,0,22,5,1,0,0,0,0,0,4,380,18,0,22,5,1,0,0,0,0,0,7,57,44,13,2,0,188,0,118,0,14,0,0.0,0,2005-05-25 02:37:09,1116988629,4,7,12,24
3038,14,11,420,4,19,0,357,0.17857142857142858,386,14,0,10,7,0,1,0,1,1,0,8,386,14,0,10,7,0,1,0,1,1,0,10,52,33,19,1,0,188,0,118,0,8,0,0.0,0,2005-05-25 02:38:09,1116988689,4,7,12,24
3039,1,5,378,4,17,0,341,0.0873015873015873,359,15,0,1,0,2,0,0,0,1,0,8,359,15,0,1,0,2,0,0,0,1,0,13,23,18,5,1,0,175,3,86,0,12,0,0.007936507936507936,1,2005-05-25 02:39:09,1116988749,4,6,6,12
3040,45,46,828,6,18,0,708,0.28053204353083433,723,35,0,12,55,2,0,0,0,0,0,4,723,35,0,12,55,2,0,0,0,0,0,4,109,98,11,6,1,217,0,174,0,24,14,0.0,0,2005-05-25 02:40:09,1116988809,6,6,15,30
3041,14,13,374,4,13,0,335,0.213903743315508,342,6,0,11,8,7,0,0,0,0,0,4,342,6,0,11,8,7,0,0,0,0,0,0,32,25,7,7,0,184,4,96,0,6,0,0.0106951871657754,1,2005-05-25 02:41:09,1116988869,4,8,6,12
3042,4,12,396,5,18,0,348,0.15151515151515152,368,12,0,8,5,2,0,0,0,0,1,9,368,12,0,8,5,2,0,0,0,0,1,14,33,27,6,1,0,187,3,98,0,10,0,0.007575757575757577,1,2005-05-25 02:42:09,1116988929,5,6,8,16
3043,15,81,738,4,17,0,521,0.7856173677069199,534,8,0,144,8,19,2,12,0,3,4,15,534,8,0,144,8,19,2,12,0,3,4,6,207,200,7,3,1,364,0,216,0,10,0,0.0,0,2005-05-25 02:43:09,1116988989,4,6,3,6
3044,3,4,406,4,18,0,358,0.10913705583756343,370,18,0,0,3,1,0,2,0,0,0,6,370,18,0,0,3,1,0,2,0,0,0,2,32,22,10,2,12,183,1,96,0,6,0,0.0024630541871921183,1,2005-05-25 02:44:09,1116989049,4,7,12,24
3045,7,3,626,4,17,0,602,0.028753993610223638,612,10,0,4,0,0,0,0,0,0,0,2,612,10,0,4,0,0,0,0,0,0,0,0,23,13,10,1,0,167,1,130,0,6,0,0.001597444089456869,1,2005-05-25 02:45:09,1116989109,4,6,5,10
3046,9,14,396,4,11,0,349,0.23737373737373735,365,7,0,9,7,1,0,6,0,1,0,8,365,7,0,9,7,1,0,6,0,1,0,11,34,29,5,2,0,184,5,94,0,6,0,0.012626262626262626,1,2005-05-25 02:46:09,1116989169,4,7,0,0
3047,7,11,406,4,19,0,366,0.18472906403940886,376,15,0,5,4,2,1,0,0,2,1,9,376,15,0,5,4,2,1,0,0,2,1,0,38,28,10,2,0,177,0,114,0,12,0,0.0,0,2005-05-25 02:47:09,1116989229,4,6,10,20
3048,11,7,388,5,17,0,354,0.15463917525773194,361,12,0,9,1,4,0,0,0,0,0,11,361,12,0,9,1,4,0,0,0,0,0,1,32,26,6,1,0,177,0,96,0,10,2,0.0,0,2005-05-25 02:48:09,1116989289,5,7,13,26
3049,11,9,642,8,11,0,592,0.11059190031152648,615,9,0,11,3,1,0,0,0,0,3,9,615,9,0,11,3,1,0,0,0,0,3,15,35,27,8,0,0,186,0,126,0,4,0,0.0,0,2005-05-25 02:49:09,1116989349,8,8,0,0
3050,7,9,368,4,17,0,342,0.12771739130434784,348,6,0,6,6,1,0,0,1,0,0,7,348,6,0,6,6,1,0,0,1,0,0,2,24,20,4,0,0,171,2,80,0,12,0,0.005434782608695652,1,2005-05-25 02:50:09,1116989409,4,7,4,8
3051,11,4,352,4,19,0,327,0.14488636363636365,334,4,0,7,1,4,0,1,0,1,0,8,334,4,0,7,1,4,0,1,0,1,0,1,23,17,6,1,0,171,0,90,0,6,0,0.0,0,2005-05-25 02:51:09,1116989469,4,6,2,4
3052,9,15,378,3,17,0,345,0.2751322751322751,352,3,0,5,1,0,16,0,0,1,0,8,352,3,0,5,1,0,16,0,0,1,0,1,29,23,6,3,0,179,5,82,0,8,0,0.013227513227513229,1,2005-05-25 02:52:09,1116989529,3,5,10,20
3053,13,2,384,4,11,0,346,0.109375,364,5,0,12,1,1,0,1,0,0,0,6,364,5,0,12,1,1,0,1,0,0,0,12,26,20,6,0,0,187,0,90,0,8,0,0.0,0,2005-05-25 02:53:09,1116989589,4,6,10,20
3054,8,7,670,4,17,0,632,0.09267563527653214,649,6,0,4,6,0,0,1,0,3,0,8,649,6,0,4,6,0,0,1,0,3,0,5,32,20,12,0,1,177,8,158,0,12,0,0.011940298507462687,3,2005-05-25 02:54:09,1116989649,4,7,5,10
3055,18,1,410,8,19,0,359,0.28292682926829266,371,24,0,2,0,3,0,7,0,1,0,13,371,24,0,2,0,3,0,7,0,1,0,6,45,39,6,0,0,201,12,112,0,10,0,0.02926829268292683,1,2005-05-25 02:55:09,1116989709,4,6,11,22
3056,5,20,442,4,17,0,383,0.2923433874709977,400,5,0,4,2,2,11,6,0,1,0,8,400,5,0,4,2,2,11,6,0,1,0,11,36,30,6,1,11,199,0,100,0,8,0,0.0,0,2005-05-25 02:56:09,1116989769,4,7,5,10
3057,2,3,334,4,19,0,324,0.04491017964071856,329,3,0,0,0,1,0,0,0,1,0,8,329,3,0,0,0,1,0,0,0,1,0,1,9,5,4,0,0,162,0,74,0,4,0,0.0,0,2005-05-25 02:57:09,1116989829,4,5,1,2
3058,10,1,56,17,17,0,42,0.9107142857142856,45,0,0,0,6,1,0,0,3,1,0,8,45,0,0,0,6,1,0,0,3,1,0,1,12,10,2,1,0,25,8,26,0,6,0,0.14285714285714285,3,2005-05-25 02:58:09,1116989889,5,8,2,4
3059,7,7,358,4,19,0,330,0.13687150837988826,343,5,0,1,5,1,0,0,1,2,0,8,343,5,0,1,5,1,0,0,1,2,0,7,19,13,6,2,0,177,9,86,0,8,0,0.025139664804469275,3,2005-05-25 02:59:09,1116989949,4,10,7,14
3060,7,10,360,5,17,0,328,0.15555555555555556,336,5,0,13,3,2,0,0,0,1,0,8,336,5,0,13,3,2,0,0,0,1,0,2,28,22,6,2,0,173,2,94,0,10,1,0.005555555555555557,1,2005-05-25 03:00:09,1116990009,5,7,16,40
3061,37,15,782,4,13,0,694,0.19334186939820744,717,36,0,12,4,3,0,0,5,4,0,8,717,36,0,12,4,3,0,0,5,4,0,13,73,63,10,1,1,221,0,184,0,18,2,0.0,0,2005-05-25 03:01:09,1116990069,4,7,8,8
3062,49,6,500,5,18,0,409,0.86,418,28,0,8,5,8,2,4,0,0,0,13,418,28,0,8,5,8,2,4,0,0,0,1,90,82,8,0,0,239,2,126,0,14,4,0.004,1,2005-05-25 03:02:09,1116990129,5,8,1,2
3063,10,36,438,4,17,0,373,0.8264840182648402,381,18,0,5,4,4,0,0,3,0,0,13,381,18,0,5,4,4,0,0,3,0,0,0,63,55,8,2,0,206,0,100,0,10,2,0.0,0,2005-05-25 03:03:09,1116990189,4,6,23,46
3064,24,12,500,9,18,0,435,0.462,452,21,0,5,1,7,0,1,1,0,0,13,452,21,0,5,1,7,0,1,1,0,0,10,54,47,7,1,0,244,10,122,0,6,0,0.02,1,2005-05-25 03:04:09,1116990249,6,7,10,20
3065,61,14,838,4,17,0,579,0.6563245823389021,590,176,0,13,1,3,7,38,10,0,0,7,590,176,0,13,1,3,7,38,10,0,0,6,247,242,5,6,0,296,57,250,0,8,1,0.06801909307875895,2,2005-05-25 03:05:09,1116990309,4,8,8,16
3066,21,9,460,5,19,0,385,0.2092511013215859,393,38,0,20,1,0,0,1,0,1,0,8,393,38,0,20,1,0,0,1,0,1,0,1,54,47,7,14,6,222,3,106,0,12,1,0.006521739130434782,1,2005-05-25 03:06:09,1116990369,5,9,22,44
3067,6,3,390,4,17,0,347,0.1358974358974359,355,26,0,6,1,1,0,0,0,1,0,8,355,26,0,6,1,1,0,0,0,1,0,2,40,34,6,1,0,191,0,82,0,10,0,0.0,0,2005-05-25 03:07:09,1116990429,4,5,14,28
3068,31,73,616,9,18,0,469,0.8,488,45,0,14,10,3,1,7,46,1,0,8,488,45,0,14,10,3,1,7,46,1,0,10,109,100,9,27,1,272,4,172,0,8,2,0.006493506493506494,1,2005-05-25 03:08:09,1116990489,8,8,1,2
3069,66,20,500,8,17,0,407,0.374,411,54,0,8,15,2,0,7,2,1,0,8,411,54,0,8,15,2,0,7,2,1,0,0,92,88,4,1,0,243,2,122,0,14,0,0.004,1,2005-05-25 03:09:09,1116990549,8,9,2,4
3070,88,65,658,7,19,0,482,0.7750759878419453,496,86,0,7,14,1,1,13,39,1,0,8,496,86,0,7,14,1,1,13,39,1,0,1,174,161,13,1,0,262,4,144,0,14,2,0.0060790273556231,1,2005-05-25 03:10:09,1116990609,6,9,38,76
3071,4,70,756,5,17,0,660,0.503968253968254,674,10,0,24,2,2,0,0,43,1,0,8,674,10,0,24,2,2,0,0,43,1,0,0,74,60,14,22,0,235,2,154,0,10,0,0.002645502645502645,1,2005-05-25 03:11:09,1116990669,5,8,1,2
3072,3,7,416,4,19,0,359,0.11778846153846155,385,21,0,7,2,0,0,0,0,1,0,8,385,21,0,7,2,0,0,0,0,1,0,16,41,31,10,0,0,202,0,86,0,10,1,0.0,0,2005-05-25 03:12:09,1116990729,4,6,4,8
3073,6,5,396,4,17,0,362,0.15151515151515152,367,19,0,2,3,3,0,0,0,2,0,8,367,19,0,2,3,3,0,0,0,2,0,0,23,18,5,11,0,177,0,82,0,12,0,0.0,0,2005-05-25 03:13:09,1116990789,4,7,2,4
3074,3,4,358,4,11,0,342,0.05027932960893855,349,4,0,2,2,1,0,0,0,0,0,4,349,4,0,2,2,1,0,0,0,0,0,1,13,7,6,2,0,175,0,80,0,8,0,0.0,0,2005-05-25 03:14:09,1116990849,4,6,11,22
3075,9,14,726,4,17,0,670,0.10482758620689656,695,5,0,12,9,2,1,0,1,0,0,7,695,5,0,12,9,2,1,0,1,0,0,12,36,23,13,7,1,194,0,168,0,14,0,0.0,0,2005-05-25 03:15:09,1116990909,4,6,19,38
3076,13,3,476,5,18,0,419,0.1176470588235294,439,27,0,7,0,2,0,0,1,0,0,7,439,27,0,7,0,2,0,0,1,0,0,5,51,36,15,1,0,224,2,112,4,8,2,0.004201680672268907,1,2005-05-25 03:16:09,1116990969,5,6,6,12
3077,1,11,348,4,17,0,327,0.10919540229885058,332,6,0,3,4,2,0,1,0,0,0,6,332,6,0,3,4,2,0,1,0,0,0,1,13,9,4,7,0,173,2,86,0,6,1,0.005747126436781609,1,2005-05-25 03:17:09,1116991029,4,6,16,32
3078,10,5,398,3,11,0,344,0.16834170854271358,354,26,0,14,3,1,0,0,0,0,0,4,354,26,0,14,3,1,0,0,0,0,0,0,48,38,10,6,0,194,9,110,0,6,8,0.02261306532663317,1,2005-05-25 03:18:09,1116991089,3,6,21,42
3079,12,3,688,4,11,0,621,0.09302325581395347,648,19,0,19,1,1,0,0,0,0,0,4,648,19,0,19,1,1,0,0,0,0,0,21,33,27,6,13,0,201,0,128,0,8,0,0.0,0,2005-05-25 03:19:09,1116991149,4,6,2,4
3080,2,16,390,4,17,0,347,0.1641025641025641,358,15,0,7,7,1,2,0,0,0,0,5,358,15,0,7,7,1,2,0,0,0,0,1,41,31,10,1,0,190,0,86,0,12,4,0.0,0,2005-05-25 03:20:09,1116991209,4,5,11,22
3081,25,12,438,4,19,0,365,0.2945205479452055,376,23,0,26,4,6,2,0,0,1,0,8,376,23,0,26,4,6,2,0,0,1,0,3,61,53,8,9,0,201,0,106,0,10,1,0.0,0,2005-05-25 03:21:09,1116991269,4,7,8,16
3082,8,14,746,4,17,0,687,0.096514745308311,706,22,0,13,2,1,0,1,0,1,0,8,706,22,0,13,2,1,0,1,0,1,0,6,51,38,13,2,0,200,0,172,0,16,0,0.0,0,2005-05-25 03:22:09,1116991329,4,9,22,44
3083,2,2,170,5,17,0,123,0.2823529411764706,140,14,0,15,0,1,0,0,0,0,0,4,140,14,0,15,0,1,0,0,0,0,0,11,35,29,6,1,0,81,0,64,0,10,0,0.0,0,2005-05-25 03:23:09,1116991389,5,6,4,8
3084,11,5,442,7,17,0,401,0.2171945701357466,409,13,0,13,2,1,0,1,0,0,1,16,409,13,0,13,2,1,0,1,0,0,1,1,38,31,7,2,0,209,0,114,2,8,0,0.0,0,2005-05-25 03:24:09,1116991449,6,6,2,4
3085,7,10,448,4,18,0,407,0.19196428571428573,419,12,0,7,3,3,0,0,2,0,0,13,419,12,0,7,3,3,0,0,2,0,0,3,31,22,9,7,0,207,0,114,2,10,1,0.0,0,2005-05-25 03:25:09,1116991509,4,6,1,2
3086,7,3,368,4,17,0,348,0.08695652173913042,357,2,0,3,2,2,2,0,0,0,0,5,357,2,0,3,2,2,2,0,0,0,0,0,18,9,9,2,0,179,0,86,0,12,3,0.0,0,2005-05-25 03:26:09,1116991569,4,6,12,24
3087,10,6,364,4,11,0,325,0.16483516483516486,343,5,0,2,9,3,0,2,0,0,0,6,343,5,0,2,9,3,0,2,0,0,0,10,28,20,8,1,0,178,4,88,0,4,1,0.01098901098901099,1,2005-05-25 03:27:09,1116991629,4,6,19,38
3088,28,13,752,4,22,0,670,0.21010638297872344,702,14,1,5,16,10,0,2,0,0,0,12,702,14,1,5,16,10,0,2,0,0,0,17,65,50,15,0,0,212,8,182,0,12,2,0.010638297872340424,2,2005-05-25 03:28:09,1116991689,4,10,3,6
3089,30,19,470,6,24,0,405,0.3702127659574468,417,10,1,5,24,9,0,0,0,2,1,11,417,10,1,5,24,9,0,0,0,2,1,2,61,51,10,2,0,202,1,128,0,16,0,0.002127659574468085,1,2005-05-25 03:29:09,1116991749,6,10,32,64
3090,7,3,374,5,18,0,338,0.0748663101604278,358,9,0,4,2,0,1,0,0,0,0,5,358,9,0,4,2,0,1,0,0,0,0,12,23,15,8,1,0,183,0,88,0,8,1,0.0,0,2005-05-25 03:30:09,1116991809,5,6,5,10
3091,9,3,364,4,17,0,331,0.12637362637362634,342,9,0,5,6,1,1,0,0,0,0,5,342,9,0,5,6,1,1,0,0,0,0,0,31,20,11,2,0,176,2,92,0,10,0,0.005494505494505495,2,2005-05-25 03:31:09,1116991869,4,6,1,2
3092,5,6,624,3,18,0,595,0.049679487179487176,607,9,0,3,4,1,0,0,0,0,0,4,607,9,0,3,4,1,0,0,0,0,0,0,27,15,12,2,0,162,0,138,0,8,0,0.0,0,2005-05-25 03:32:09,1116991929,3,6,12,24
3093,5,3,384,4,17,0,341,0.09635416666666667,362,14,0,2,5,1,0,0,0,0,0,4,362,14,0,2,5,1,0,0,0,0,0,12,30,21,9,1,0,178,0,88,0,10,1,0.0,0,2005-05-25 03:33:09,1116991989,4,6,13,26
3094,4,5,366,4,11,0,331,0.07671232876712329,351,6,0,5,1,1,1,0,0,0,0,5,351,6,0,5,1,1,1,0,0,0,0,12,22,14,8,0,1,176,4,92,0,6,0,0.01092896174863388,2,2005-05-25 03:34:09,1116992049,4,8,12,24
3095,24,4,438,4,17,0,380,0.2009132420091324,396,16,0,18,2,1,4,1,0,0,0,6,396,16,0,18,2,1,4,1,0,0,0,10,46,40,6,2,0,196,0,100,0,12,2,0.0,0,2005-05-25 03:35:09,1116992109,4,6,4,8
3096,16,4,768,5,19,0,689,0.13020833333333334,700,55,0,5,4,1,1,1,0,1,0,8,700,55,0,5,4,1,1,1,0,1,0,1,77,67,10,1,0,220,4,184,0,12,0,0.005208333333333333,1,2005-05-25 03:36:09,1116992169,5,6,8,16
3097,73,59,900,3,17,0,753,0.82,761,8,6,19,2,5,22,59,6,8,4,10,761,8,6,19,2,5,22,59,6,8,4,0,144,136,8,3,0,246,4,222,0,10,1,0.004444444444444445,1,2005-05-25 03:37:09,1116992229,3,8,16,32
3098,6,16,530,4,19,0,429,0.2509433962264151,454,52,0,14,2,1,1,5,0,1,0,8,454,52,0,14,2,1,1,5,0,1,0,19,80,74,6,2,0,254,1,132,0,10,0,0.0018867924528301887,1,2005-05-25 03:38:09,1116992289,4,6,15,30
3099,3,3,370,4,17,0,347,0.07837837837837837,355,10,0,2,1,1,0,0,0,1,0,8,355,10,0,2,1,1,0,0,0,1,0,2,20,14,6,1,0,178,0,86,0,8,0,0.0,0,2005-05-25 03:39:09,1116992349,4,6,5,10
3100,2,5,332,5,19,0,311,0.12349397590361445,318,6,0,1,2,1,3,0,0,1,0,8,318,6,0,1,2,1,3,0,0,1,0,1,18,12,6,2,0,165,0,76,0,4,0,0.0,0,2005-05-25 03:40:09,1116992409,5,5,17,34
3101,10,10,480,4,11,0,405,0.18958333333333333,429,17,0,29,4,1,0,0,0,0,0,4,429,17,0,29,4,1,0,0,0,0,0,17,49,42,7,9,0,217,0,110,0,8,0,0.0,0,2005-05-25 03:41:09,1116992469,4,6,4,8
3102,4,10,440,4,17,0,376,0.19772727272727272,386,41,0,4,4,3,0,1,0,1,0,8,386,41,0,4,4,3,0,1,0,1,0,2,53,45,8,9,0,201,4,94,0,8,0,0.00909090909090909,1,2005-05-25 03:42:09,1116992529,4,7,13,26
3103,11,6,72,4,18,0,49,1.1111111111111112,52,3,0,10,1,1,0,1,0,0,0,11,52,3,0,10,1,1,0,1,0,0,0,0,17,14,3,6,0,28,2,34,0,8,0,0.027777777777777776,1,2005-05-25 03:43:09,1116992589,4,7,9,18
3104,7,6,360,4,17,0,328,0.1111111111111111,342,6,0,6,3,2,1,0,0,0,0,5,342,6,0,6,3,2,1,0,0,0,0,7,24,17,7,1,0,169,4,94,0,8,2,0.011111111111111113,1,2005-05-25 03:44:09,1116992649,4,6,19,38
3105,18,7,746,3,18,0,666,0.21715817694369974,697,26,0,5,7,2,0,0,0,5,0,18,697,26,0,5,7,2,0,0,0,5,0,19,60,48,12,1,0,202,5,164,0,14,2,0.006702412868632708,1,2005-05-25 03:45:09,1116992709,3,6,1,2
3106,25,11,474,5,17,0,395,0.3607594936708861,403,25,0,18,22,1,0,0,0,5,0,8,403,25,0,18,22,1,0,0,0,5,0,1,76,69,7,2,0,211,2,98,0,10,0,0.004219409282700422,1,2005-05-25 03:46:09,1116992769,5,6,3,6
3107,7,14,142,5,18,0,110,0.4014084507042254,115,9,0,6,12,0,0,0,0,0,0,3,115,9,0,6,12,0,0,0,0,0,0,1,31,27,4,0,0,53,3,62,0,10,0,0.02112676056338028,1,2005-05-25 03:47:09,1116992829,5,6,10,20
3108,14,8,384,10,17,0,349,0.265625,357,9,0,6,2,2,2,1,0,0,3,12,357,9,0,6,2,2,2,1,0,0,3,1,32,25,7,2,0,177,1,98,0,10,0,0.0026041666666666665,1,2005-05-25 03:48:09,1116992889,6,8,22,44
3109,27,18,626,5,22,0,471,0.5079872204472844,499,75,1,15,8,16,1,2,0,0,3,16,499,75,1,15,8,16,1,2,0,0,3,21,126,119,7,8,0,269,0,146,0,8,0,0.0,0,2005-05-25 03:49:09,1116992949,5,10,3,6
3110,22,4,424,6,17,0,381,0.16273584905660374,389,15,0,10,6,4,0,0,0,0,0,4,389,15,0,10,6,4,0,0,0,0,0,2,40,34,6,1,0,200,0,108,0,8,0,0.0,0,2005-05-25 03:50:09,1116993009,6,9,11,22
3111,7,13,416,4,19,0,364,0.3798076923076923,372,10,0,18,6,3,0,0,0,1,1,13,372,10,0,18,6,3,0,0,0,1,1,2,50,44,6,0,0,195,0,106,0,10,0,0.0,0,2005-05-25 03:51:09,1116993069,4,9,1,2
3112,13,8,688,4,17,0,632,0.13372093023255813,648,19,1,3,15,1,0,0,0,1,0,10,648,19,1,3,15,1,0,0,0,1,0,2,44,30,14,10,0,190,2,152,0,8,0,0.0029069767441860465,1,2005-05-25 03:52:09,1116993129,4,6,15,30
3113,18,10,432,4,19,0,379,0.19907407407407407,400,11,0,8,2,8,0,1,1,1,0,8,400,11,0,8,2,8,0,1,1,1,0,11,41,31,10,1,0,209,2,104,0,14,0,0.0046296296296296285,1,2005-05-25 03:53:09,1116993189,4,7,1,2
3114,22,24,518,5,17,0,432,0.33976833976833976,446,20,0,32,9,1,1,8,0,1,0,8,446,20,0,32,9,1,1,8,0,1,0,7,73,66,7,6,0,230,4,154,0,14,0,0.007722007722007722,2,2005-05-25 03:54:09,1116993249,5,7,17,34
3115,13,9,382,3,19,0,350,0.20418848167539266,358,3,0,6,5,7,0,2,0,1,0,8,358,3,0,6,5,7,0,2,0,1,0,0,29,21,8,3,0,182,2,94,0,14,0,0.005235602094240838,1,2005-05-25 03:55:09,1116993309,3,6,11,22
3116,26,9,448,8,11,0,372,0.25892857142857145,391,37,0,7,5,1,0,4,2,1,0,8,391,37,0,7,5,1,0,4,2,1,0,13,55,49,6,8,0,215,4,102,0,8,0,0.008928571428571428,1,2005-05-25 03:56:09,1116993369,4,6,17,34
3117,9,20,680,4,17,0,633,0.14852941176470588,649,4,0,13,0,9,0,1,3,1,0,8,649,4,0,13,0,9,0,1,3,1,0,6,39,29,10,2,0,187,0,158,0,6,0,0.0,0,2005-05-25 03:57:09,1116993429,4,8,9,18
3118,5,8,362,5,19,0,337,0.16574585635359115,344,4,0,3,6,0,1,2,1,1,0,8,344,4,0,3,6,0,1,2,1,1,0,1,22,16,6,2,0,172,1,90,0,14,2,0.0027624309392265192,1,2005-05-25 03:58:09,1116993489,5,6,1,2
3119,3,15,372,5,17,0,344,0.2043010752688172,350,5,0,4,5,1,0,6,0,1,0,8,350,5,0,4,5,1,0,6,0,1,0,0,27,21,6,1,0,181,0,96,0,8,0,0.0,0,2005-05-25 03:59:09,1116993549,5,5,16,32
3120,8,18,426,4,18,0,371,0.20187793427230047,394,12,0,7,4,2,4,2,0,1,0,8,394,12,0,7,4,2,4,2,0,1,0,17,32,26,6,6,0,201,0,124,0,6,0,0.0,0,2005-05-25 04:00:09,1116993609,4,6,3,6
3121,10,7,96,4,17,0,69,0.4895833333333333,72,11,0,9,1,0,3,0,0,0,0,5,72,11,0,9,1,0,3,0,0,0,0,1,22,20,2,4,0,41,0,46,0,12,1,0.0,0,2005-05-25 04:01:09,1116993669,4,7,6,12
3122,7,3,674,4,18,0,641,0.050445103857566766,655,12,0,1,4,2,0,0,0,0,0,4,655,12,0,1,4,2,0,0,0,0,0,3,28,17,11,2,0,174,0,156,0,12,1,0.0,0,2005-05-25 04:02:09,1116993729,4,6,9,18
3123,41,38,480,4,17,0,391,0.2860125260960334,399,71,0,2,1,1,0,0,0,0,0,11,399,71,0,2,1,1,0,0,0,0,0,0,81,73,8,7,1,202,0,84,0,8,66,0.0,0,2005-05-25 04:03:09,1116993789,4,5,18,36
3124,26,8,404,4,19,0,350,0.2376237623762376,369,6,0,6,19,2,1,0,0,1,0,8,369,6,0,6,19,2,1,0,0,1,0,12,41,34,7,1,0,194,0,96,0,4,0,0.0,0,2005-05-25 04:04:09,1116993849,4,6,9,18
3125,18,8,134,4,18,0,70,0.4925373134328358,99,16,0,13,4,1,0,0,0,1,0,8,99,16,0,13,4,1,0,0,0,1,0,10,51,32,19,3,0,49,18,60,0,10,0,0.13432835820895522,3,2005-05-25 04:05:09,1116993909,4,6,9,18
3126,4,18,418,5,19,0,379,0.18660287081339716,391,4,0,5,14,2,0,1,0,1,0,8,391,4,0,5,14,2,0,1,0,1,0,5,33,26,7,1,0,197,0,96,0,10,0,0.0,0,2005-05-25 04:06:09,1116993969,5,6,11,22
3127,7,20,430,5,17,0,374,0.23953488372093024,388,8,0,23,5,1,3,0,1,1,0,8,388,8,0,23,5,1,3,0,1,1,0,5,39,30,9,12,0,189,7,106,0,12,2,0.01627906976744186,1,2005-05-25 04:07:09,1116994029,5,6,16,32
3128,33,13,770,8,11,0,682,0.12207792207792208,715,28,0,21,2,3,0,1,0,0,0,6,715,28,0,21,2,3,0,1,0,0,0,14,74,55,19,0,0,207,5,184,0,20,2,0.006493506493506494,2,2005-05-25 04:08:09,1116994089,6,8,1,2
3129,10,18,382,4,17,0,331,0.3193717277486911,342,7,0,17,0,1,13,2,0,0,0,6,342,7,0,17,0,1,13,2,0,0,0,1,48,39,9,2,0,168,2,114,0,8,0,0.005235602094240838,1,2005-05-25 04:09:09,1116994149,4,7,3,6
3130,8,6,352,5,11,0,328,0.11647727272727272,338,3,0,5,1,2,1,2,0,0,0,6,338,3,0,5,1,2,1,2,0,0,0,2,22,14,8,0,0,169,0,96,0,4,0,0.0,0,2005-05-25 04:10:09,1116994209,3,8,17,34
3131,3,4,368,4,11,0,336,0.06793478260869565,357,6,0,1,1,1,2,0,0,0,0,5,357,6,0,1,1,1,2,0,0,0,0,15,17,11,6,0,0,178,0,82,0,2,0,0.0,0,2005-05-25 04:11:09,1116994269,4,6,2,4
3132,6,19,666,4,17,0,615,0.12912912912912913,626,14,0,16,4,2,4,0,0,0,0,5,626,14,0,16,4,2,4,0,0,0,0,1,48,38,10,2,0,194,0,144,0,12,1,0.0,0,2005-05-25 04:12:09,1116994329,4,6,3,6
3133,5,9,468,5,13,0,393,0.20512820512820512,414,20,0,31,0,2,0,1,0,0,0,6,414,20,0,31,0,2,0,1,0,0,0,1,70,50,20,4,0,211,2,114,0,14,1,0.004273504273504274,1,2005-05-25 04:13:09,1116994389,5,6,6,12
3134,2,6,446,5,17,0,377,0.19955156950672645,394,21,0,26,4,1,0,0,0,0,0,4,394,21,0,26,4,1,0,0,0,0,0,4,64,51,13,1,0,200,0,116,0,8,0,0.0,0,2005-05-25 04:14:09,1116994449,5,6,14,28
3135,8,5,430,5,18,0,373,0.13488372093023254,394,18,0,16,0,2,0,0,0,0,0,4,394,18,0,16,0,2,0,0,0,0,0,15,39,33,6,3,0,201,5,102,0,10,0,0.011627906976744186,1,2005-05-25 04:15:09,1116994509,5,6,2,4
3136,12,7,456,4,17,0,387,0.2960526315789473,406,15,0,23,0,2,2,0,8,0,0,7,406,15,0,23,0,2,2,0,8,0,0,6,61,48,13,2,0,215,0,94,0,16,2,0.0,0,2005-05-25 04:16:09,1116994569,4,6,6,12
3137,4,16,464,5,19,0,378,0.3146551724137931,393,52,0,3,2,5,1,0,7,1,0,8,393,52,0,3,2,5,1,0,7,1,0,1,83,69,14,2,0,206,0,96,0,8,0,0.0,0,2005-05-25 04:17:09,1116994629,5,6,4,8
3138,1,7,420,4,13,0,381,0.14285714285714285,391,2,0,24,2,1,0,0,0,0,0,4,391,2,0,24,2,1,0,0,0,0,0,1,37,28,9,1,0,201,0,98,0,6,0,0.0,0,2005-05-25 04:18:09,1116994689,4,5,12,24
3139,13,6,434,4,17,0,382,0.15898617511520738,401,18,0,5,3,6,0,0,0,1,0,8,401,18,0,5,3,6,0,0,0,1,0,12,37,30,7,3,0,201,3,102,0,16,0,0.0069124423963133645,2,2005-05-25 04:19:09,1116994749,4,6,2,4
3140,5,34,788,5,19,0,712,0.2436548223350254,722,5,0,31,16,5,3,3,0,3,0,8,722,5,0,31,16,5,3,3,0,3,0,0,67,57,10,9,0,228,3,170,0,16,1,0.0038071065989847717,1,2005-05-25 04:20:09,1116994809,5,6,14,28
3141,7,19,376,4,19,0,342,0.2074468085106383,349,3,0,8,11,3,0,1,0,1,0,8,349,3,0,8,11,3,0,1,0,1,0,1,21,15,6,12,0,182,0,94,0,10,0,0.0,0,2005-05-25 04:21:09,1116994869,4,8,21,42
3142,23,12,462,4,11,0,388,0.2077922077922078,413,23,0,11,12,2,0,0,1,0,0,7,413,23,0,11,12,2,0,0,1,0,0,17,39,31,8,18,0,219,0,120,0,6,0,0.0,0,2005-05-25 04:22:09,1116994929,4,6,6,12
3143,19,21,440,8,17,0,372,0.3340909090909091,384,17,0,16,12,1,4,5,0,1,0,8,384,17,0,16,12,1,4,5,0,1,0,3,61,52,9,4,0,197,0,120,0,16,0,0.0,0,2005-05-25 04:23:09,1116994989,4,7,8,16
3144,2,14,362,4,19,0,335,0.19889502762430936,344,2,1,6,2,1,0,5,0,1,0,10,344,2,1,6,2,1,0,5,0,1,0,2,24,17,7,1,0,177,0,84,0,14,0,0.0,0,2005-05-25 04:24:09,1116995049,4,9,3,6
3145,17,8,380,9,17,0,342,0.2684210526315789,346,9,0,7,8,2,3,4,0,1,0,8,346,9,0,7,8,2,3,4,0,1,0,2,33,31,2,3,0,182,0,104,0,8,0,0.0,0,2005-05-25 04:25:09,1116995109,5,7,11,22
3146,16,10,778,5,19,0,705,0.16580976863753213,727,21,0,10,9,3,2,4,1,1,0,8,727,21,0,10,9,3,2,4,1,1,0,10,57,45,12,6,0,208,15,196,0,12,0,0.019280205655526992,3,2005-05-25 04:26:09,1116995169,4,8,10,20
3147,7,8,372,6,17,0,338,0.12365591397849462,351,9,0,7,2,1,1,0,0,1,0,8,351,9,0,7,2,1,1,0,0,1,0,5,25,17,8,4,0,179,0,94,0,10,1,0.0,0,2005-05-25 04:27:09,1116995229,5,6,4,8
3148,7,7,362,4,19,0,340,0.11049723756906077,346,4,0,7,2,2,0,0,0,1,0,8,346,4,0,7,2,2,0,0,0,1,0,0,22,16,6,0,0,168,0,90,0,14,1,0.0,0,2005-05-25 04:28:09,1116995289,4,5,3,6
3149,11,5,386,5,17,0,353,0.1243523316062176,365,10,0,2,6,2,0,0,0,1,0,8,365,10,0,2,6,2,0,0,0,1,0,4,27,19,8,2,0,174,0,102,0,12,0,0.0,0,2005-05-25 04:29:09,1116995349,5,6,23,46
3150,8,14,394,4,19,0,346,0.2131979695431472,362,14,0,5,6,1,0,5,0,1,0,8,362,14,0,5,6,1,0,5,0,1,0,10,33,27,6,5,0,190,0,100,0,8,0,0.0,0,2005-05-25 04:30:09,1116995409,4,6,4,8
3151,4,7,368,4,17,0,341,0.11413043478260868,348,9,0,6,3,1,0,0,0,1,0,8,348,9,0,6,3,1,0,0,0,1,0,1,22,16,6,4,0,178,0,86,0,10,0,0.0,0,2005-05-25 04:31:09,1116995469,4,6,5,10
3152,11,4,422,4,18,0,375,0.15876777251184834,387,15,0,11,7,1,1,0,0,0,0,5,387,15,0,11,7,1,1,0,0,0,0,6,36,30,6,5,0,203,9,100,0,6,0,0.02132701421800948,1,2005-05-25 04:32:09,1116995529,4,6,7,14
3153,4,6,388,4,17,0,360,0.09020618556701032,367,16,1,3,1,0,0,0,0,0,0,10,367,16,1,3,1,0,0,0,0,0,0,1,24,18,6,3,0,176,3,80,0,12,1,0.007731958762886598,1,2005-05-25 04:33:09,1116995589,4,5,13,26
3154,2,11,660,4,11,0,626,0.062121212121212126,645,3,0,6,1,2,3,0,0,0,0,5,645,3,0,6,1,2,3,0,0,0,0,10,24,15,9,0,0,181,0,138,0,6,0,0.0,0,2005-05-25 04:34:09,1116995649,4,6,3,6
3155,11,16,696,3,19,0,636,0.1853448275862069,653,16,0,12,7,2,0,0,0,2,0,11,653,16,0,12,7,2,0,0,0,2,0,7,49,39,10,4,0,192,2,158,0,16,0,0.002873563218390805,1,2005-05-25 04:35:09,1116995709,3,6,2,4
3156,33,7,492,5,18,0,390,0.30691056910569103,410,42,0,19,14,6,1,0,0,0,0,5,410,42,0,19,14,6,1,0,0,0,0,1,101,82,19,0,0,239,12,148,0,8,11,0.024390243902439025,1,2005-05-25 04:36:09,1116995769,5,10,37,74
3157,31,22,1712,4,14,0,935,0.4459380479251899,1103,519,0,51,28,2,2,4,1,0,1,9,1103,519,0,51,28,2,2,4,1,0,1,15,759,606,153,2,1,848,100,676,0,10,3,0.05841121495327103,2,2005-05-25 04:37:09,1116995829,4,8,5,10
3158,8,14,1040,4,17,0,651,0.4221153846153846,705,285,0,17,24,3,0,6,0,0,0,6,705,285,0,17,24,3,0,6,0,0,0,5,383,334,49,1,0,499,47,382,0,10,2,0.045192307692307684,1,2005-05-25 04:38:09,1116995889,4,7,1,2
3159,6,22,704,4,19,0,543,0.3125,559,104,0,14,24,2,0,0,0,1,0,8,559,104,0,14,24,2,0,0,0,1,0,5,155,144,11,1,0,307,15,204,0,10,3,0.021246458923512748,1,2005-05-25 04:39:09,1116995949,4,7,6,12
3160,1252,8,4430,4,17,1,2300,0.4851015801354402,2418,1916,0,76,9,6,3,0,1,1,0,8,2418,1916,0,76,9,6,3,0,1,1,0,0,2128,2010,118,2,0,2159,496,756,0,46,73,0.11196388261851016,2,2005-05-25 04:40:09,1116996009,4,7,12,24
3161,5,836,2642,6,11,1,1519,0.43111279333838,1575,1030,0,19,11,1,3,2,1,0,0,7,1575,1030,0,19,11,1,3,2,1,0,0,10,1111,1065,46,2,0,1219,129,492,0,12,20,0.04882664647993944,2,2005-05-25 04:41:09,1116996069,4,6,13,26
3162,594,542,4996,5,17,1,2624,0.5478382706164932,2723,1930,0,290,29,5,6,6,2,5,0,8,2723,1930,0,290,29,5,6,6,2,5,0,14,2354,2269,85,4,0,1882,580,1182,0,36,162,0.11609287429943956,2,2005-05-25 04:42:09,1116996129,5,7,17,34
3163,40,99,2102,5,19,1,1326,0.3729781160799239,1414,638,0,39,2,1,1,0,3,4,0,8,1414,638,0,39,2,1,1,0,3,4,0,3,770,685,85,3,0,839,62,410,0,12,52,0.029495718363463368,2,2005-05-25 04:43:09,1116996189,5,7,14,28
3164,521,116,3194,4,17,1,1782,0.4549154664996869,1881,1204,0,94,6,5,3,0,0,1,0,8,1881,1204,0,94,6,5,3,0,0,1,0,3,1407,1312,95,2,0,1474,356,804,0,40,215,0.11145898559799623,3,2005-05-25 04:44:09,1116996249,4,7,9,18
3165,344,86,2968,3,13,1,1860,0.4181266846361186,1949,932,0,30,20,9,20,7,0,0,0,11,1949,932,0,30,20,9,20,7,0,0,0,11,1097,1019,78,0,0,1277,257,710,0,40,59,0.08659029649595687,2,2005-05-25 04:45:09,1116996309,3,8,0,0
3166,1094,136,8546,5,15,1,4500,0.6015679850222326,4688,2958,0,749,62,19,46,1,17,0,2,17,4688,2958,0,749,62,19,46,1,17,0,2,1,4042,3855,187,3,0,4148,1161,2032,0,102,242,0.1358530306576176,3,2005-05-25 04:46:09,1116996369,5,8,18,36
3167,95,455,3824,5,17,1,2591,0.5517782426778243,2718,545,0,360,102,20,35,39,0,1,2,12,2718,545,0,360,102,20,35,39,0,1,2,3,1222,1098,124,8,0,1817,140,906,0,62,60,0.03661087866108786,2,2005-05-25 04:47:09,1116996429,5,7,6,12
3168,646,738,11508,4,19,1,6915,0.4776677094195342,7184,3866,1,275,34,25,31,14,3,68,6,11,7184,3866,1,275,34,25,31,14,3,68,6,20,4571,4322,249,2,0,4792,520,2404,0,74,218,0.04518595759471672,3,2005-05-25 04:48:09,1116996489,4,8,12,24
3169,320,139,5400,4,17,1,2908,0.5237037037037037,3075,2005,0,216,79,11,4,3,0,2,0,12,3075,2005,0,216,79,11,4,3,0,2,0,2,2482,2317,165,8,0,2569,298,1432,4,48,249,0.055185185185185184,2,2005-05-25 04:49:09,1116996549,4,8,15,30
3170,1423,55,11300,4,15,1,5807,0.5166548547129696,6184,4606,0,388,52,23,23,4,2,5,1,9,6184,4606,0,388,52,23,23,4,2,5,1,0,5473,5096,377,8,12,5138,876,2682,2,100,289,0.0775221238938053,3,2005-05-25 04:50:09,1116996609,4,8,12,24
3171,363,119,6154,5,17,1,3649,0.45894976426597295,3834,2010,0,209,56,19,11,5,2,1,0,11,3834,2010,0,209,56,19,11,5,2,1,0,3,2489,2307,182,10,3,2828,383,1574,0,100,468,0.062235944101397475,2,2005-05-25 04:51:09,1116996669,5,8,18,36
3172,514,97,9874,4,18,1,5041,0.5563094996961717,5266,4118,0,288,120,35,8,18,17,4,0,8,5266,4118,0,288,120,35,8,18,17,4,0,11,4821,4607,214,1,0,4857,812,2268,0,142,581,0.08223617581527243,3,2005-05-25 04:52:09,1116996729,4,8,13,26
3173,514,162,6992,5,17,1,3657,0.5308924485125858,3837,2740,0,321,58,27,7,1,1,0,0,7,3837,2740,0,321,58,27,7,1,1,0,0,14,3314,3148,166,7,0,3228,479,2130,0,62,228,0.06850686498855835,2,2005-05-25 04:53:09,1116996789,5,9,7,14
3174,964,262,9660,4,18,1,5016,0.5293995859213251,5195,4019,1,327,82,13,11,8,3,0,1,10,5195,4019,1,327,82,13,11,8,3,0,1,3,4640,4464,176,1,0,4560,463,2474,0,58,341,0.04791968536534879,2,2005-05-25 04:54:09,1116996849,4,7,12,24
3175,350,184,5820,7,17,1,3166,0.5383161512027491,3301,2166,6,213,103,10,3,11,6,0,1,10,3301,2166,6,213,103,10,3,11,6,0,1,1,2635,2501,134,18,0,2759,157,1330,0,66,268,0.02697594501718213,2,2005-05-25 04:55:09,1116996909,7,7,11,22
3176,1306,53,9444,4,19,1,4794,0.5321897501058873,5105,3896,2,335,38,29,30,4,4,1,0,10,5105,3896,2,335,38,29,30,4,4,1,0,10,4638,4337,301,2,0,4577,626,2454,4,116,251,0.06628547225751799,2,2005-05-25 04:56:09,1116996969,4,8,11,22
3177,824,79,9098,4,21,1,5075,0.5694658166630029,5364,3029,7,490,88,32,49,14,1,3,0,18,5364,3029,7,490,88,32,49,14,1,3,0,3,4016,3730,286,4,0,4326,560,2402,4,110,508,0.06155198944823038,2,2005-05-25 04:57:09,1116997029,4,8,7,14
3178,475,283,7318,9,19,1,4090,0.5275386087194205,4343,2551,0,335,30,10,11,13,1,2,0,18,4343,2551,0,335,30,10,11,13,1,2,0,2,3224,2973,251,1,1,3562,277,2044,0,36,222,0.037851872096201146,2,2005-05-25 04:58:09,1116997089,5,8,4,8
3179,396,303,6684,5,17,1,3702,0.4961077844311377,3846,2549,0,198,45,4,22,12,0,2,1,11,3846,2549,0,198,45,4,22,12,0,2,1,7,2970,2833,137,1,4,2699,225,1480,0,30,866,0.033662477558348294,2,2005-05-25 04:59:09,1116997149,5,7,15,30
3180,755,503,13454,5,22,1,7123,0.5705790529993311,7629,4440,9,1229,57,22,31,17,14,0,0,20,7629,4440,9,1229,57,22,31,17,14,0,0,17,6311,5822,489,2,1,5614,535,2708,2,126,942,0.03975921521997622,2,2005-05-25 05:00:09,1116997209,5,8,14,28
3181,1511,399,9538,5,19,1,5206,0.6447892639966449,5426,2347,0,1655,52,17,19,8,8,3,0,20,5426,2347,0,1655,52,17,19,8,8,3,0,9,4319,4108,211,4,0,4392,297,1960,2,90,1162,0.031138603480813588,2,2005-05-25 05:01:09,1116997269,4,8,10,20
3182,168,1731,12790,5,21,1,7010,0.5985926505082095,7384,3665,0,1608,72,6,25,3,3,4,1,18,7384,3665,0,1608,72,6,25,3,3,4,1,4,5776,5406,370,0,0,4872,193,1966,0,52,1449,0.015089913995308837,2,2005-05-25 05:02:09,1116997329,5,8,11,22
3183,1675,1706,18220,5,22,1,10715,0.6150933040614709,11349,3674,0,2937,89,46,47,9,24,3,0,20,11349,3674,0,2937,89,46,47,9,24,3,0,2,7502,6870,632,1,0,6277,201,3174,4,104,2171,0.011031833150384193,2,2005-05-25 05:03:09,1116997389,5,8,10,20
3184,468,643,6748,5,17,1,3613,0.6092175459395376,3937,2073,2,580,76,33,13,7,7,0,2,18,3937,2073,2,580,76,33,13,7,7,0,2,12,3122,2810,312,1,0,2862,128,1862,0,70,287,0.018957345971563986,2,2005-05-25 05:04:09,1116997449,5,7,7,14
3185,1166,671,13850,4,21,1,7415,0.5459205776173285,7761,5045,0,828,113,34,45,13,9,1,0,11,7761,5045,0,828,113,34,45,13,9,1,0,7,6425,6086,339,3,0,5134,629,4048,2,134,587,0.045408605255558766,3,2005-05-25 05:05:09,1116997509,4,9,6,12
3186,401,393,7156,10,20,1,3937,0.5863610955841252,4190,2031,0,773,107,22,14,8,7,1,0,12,4190,2031,0,773,107,22,14,8,7,1,0,2,3216,2965,251,1,0,3129,193,2070,0,74,97,0.026970374510899942,2,2005-05-25 05:06:09,1116997569,5,9,18,36
3187,288,1621,11616,4,18,1,5779,0.5674931129476584,6358,4415,0,606,126,30,49,26,0,3,0,20,6358,4415,0,606,126,30,49,26,0,3,0,19,5815,5255,560,3,0,5106,170,2676,0,32,597,0.014634986225895315,2,2005-05-25 05:07:09,1116997629,4,10,0,0
3188,422,275,10594,5,22,1,5958,0.4675287898810648,6339,3877,5,227,83,27,24,10,0,0,0,20,6339,3877,5,227,83,27,24,10,0,0,0,1,4634,4254,380,1,0,4398,52,2110,2,50,726,0.0049075122687806715,1,2005-05-25 05:08:09,1116997689,5,8,30,60
3189,515,387,8056,5,19,1,3900,0.5811817279046674,4204,3277,0,457,52,45,0,14,0,1,3,12,4204,3277,0,457,52,45,0,14,0,1,3,14,4142,3852,290,0,0,3079,101,1422,2,66,725,0.012537239324726912,2,2005-05-25 05:09:09,1116997749,5,8,2,4
3190,177,430,5592,5,17,1,2910,0.5903075822603719,3079,1904,1,514,46,35,2,7,3,1,0,10,3079,1904,1,514,46,35,2,7,3,1,0,0,2681,2512,169,1,0,2663,268,1608,2,76,231,0.047925608011444916,1,2005-05-25 05:10:09,1116997809,5,8,15,30
3191,267,291,7084,5,18,1,3707,0.5830039525691699,3959,2383,1,638,55,12,6,16,9,1,0,15,3959,2383,1,638,55,12,6,16,9,1,0,12,3364,3124,240,1,0,3074,82,1996,0,26,270,0.011575381140598532,2,2005-05-25 05:11:09,1116997869,5,8,5,10
3192,63,1088,10216,4,19,1,5786,0.5168363351605325,5997,3551,0,504,63,54,7,14,19,5,0,13,5997,3551,0,504,63,54,7,14,19,5,0,1,4419,4209,210,10,0,4499,84,2220,0,14,169,0.00822239624119029,2,2005-05-25 05:12:09,1116997929,4,8,3,6
3193,115,836,9000,4,17,1,4597,0.5776666666666667,4893,3626,17,293,81,31,11,2,31,2,0,13,4893,3626,17,293,81,31,11,2,31,2,0,10,4391,4105,286,2,0,4127,205,1872,0,26,414,0.022777777777777782,2,2005-05-25 05:13:09,1116997989,4,8,0,0
3194,580,308,7648,5,19,1,3875,0.5551778242677824,4135,3060,3,313,74,35,7,19,0,1,0,11,4135,3060,3,313,74,35,7,19,0,1,0,1,3771,3512,259,1,0,2989,99,1824,0,106,530,0.01294456066945607,1,2005-05-25 05:14:09,1116998049,5,8,19,38
3195,614,364,11558,4,19,1,5751,0.5911922477937359,6158,4473,6,704,101,54,20,28,10,3,0,11,6158,4473,6,704,101,54,20,28,10,3,0,13,5793,5399,394,1,0,4976,387,3208,0,122,642,0.033483301609274964,2,2005-05-25 05:15:09,1116998109,4,8,11,22
3196,428,415,9768,4,19,1,4920,0.5894758394758395,5211,3852,1,499,86,30,47,20,16,3,2,11,5211,3852,1,499,86,30,47,20,16,3,2,5,4836,4550,286,7,0,4693,284,2672,0,58,497,0.029074529074529083,2,2005-05-25 05:16:09,1116998169,4,9,3,6
3197,128,1068,12414,4,19,1,6847,0.5272697977926367,7116,4534,2,544,103,37,31,39,2,4,0,11,7116,4534,2,544,103,37,31,39,2,4,0,3,5561,5295,266,2,1,5929,274,2478,0,24,630,0.022071854357982926,2,2005-05-25 05:17:09,1116998229,4,9,12,24
3198,339,1756,13858,4,19,1,6769,0.5594602395728099,7236,5973,0,466,67,18,45,31,18,2,0,11,7236,5973,0,466,67,18,45,31,18,2,0,11,7075,6619,456,3,0,6494,276,3118,0,46,529,0.01991629383749459,2,2005-05-25 05:18:09,1116998289,4,9,4,8
3199,581,268,6092,4,19,1,3183,0.5619766869151207,3335,2266,0,420,28,9,9,17,6,1,0,8,3335,2266,0,420,28,9,9,17,6,1,0,2,2901,2751,150,5,1,2553,69,1612,0,48,214,0.011326329612606698,2,2005-05-25 05:19:09,1116998349,4,9,4,8
3200,680,449,6846,4,19,1,3526,0.6343850423605025,3642,2500,1,491,101,58,21,18,10,3,1,10,3642,2500,1,491,101,58,21,18,10,3,1,6,3314,3204,110,0,0,3153,57,1516,0,72,249,0.008326029798422436,1,2005-05-25 05:20:09,1116998409,4,8,6,12
3201,2574,272,23236,5,17,1,11877,0.5701497676019969,12494,8812,14,1651,167,46,20,25,3,2,0,11,12494,8812,14,1651,167,46,20,25,3,2,0,2,11348,10733,615,9,0,10298,585,5452,6,248,1819,0.025176450335686003,2,2005-05-25 05:21:09,1116998469,5,8,35,70
3202,892,1826,23494,4,19,1,12223,0.5500127692176726,12834,8906,3,1476,159,63,32,12,3,4,1,11,12834,8906,3,1476,159,63,32,12,3,4,1,24,11242,10655,587,5,0,10550,381,5594,4,152,1326,0.016216906444198518,2,2005-05-25 05:22:09,1116998529,4,8,8,16
3203,85,1828,16646,4,17,1,8839,0.5144779526613,9237,6603,6,623,121,23,15,8,6,3,0,11,9237,6603,6,623,121,23,15,8,6,3,0,1,7801,7404,397,5,0,7619,105,3126,0,20,1334,0.006307821698906643,1,2005-05-25 05:23:09,1116998589,4,8,2,4
3204,705,618,13312,5,19,1,6938,0.5339543269230769,7236,5326,1,648,34,26,12,11,6,6,6,10,7236,5326,1,648,34,26,12,11,6,6,6,1,6370,6074,296,3,0,6031,108,3146,0,78,596,0.00811298076923077,2,2005-05-25 05:24:09,1116998649,3,8,13,26
3205,885,161,9036,4,17,1,4569,0.5634130146082338,4870,3511,7,529,77,10,24,6,0,0,0,13,4870,3511,7,529,77,10,24,6,0,0,0,13,4451,4163,288,3,0,4332,69,1970,0,126,350,0.007636122177954846,2,2005-05-25 05:25:09,1116998709,4,8,13,26
3206,184,501,6804,4,21,1,3592,0.5470311581422692,3755,2580,11,381,58,7,8,2,0,2,0,10,3755,2580,11,381,58,7,8,2,0,2,0,13,3198,3048,150,1,0,3292,51,1578,0,46,709,0.007495590828924163,2,2005-05-25 05:26:09,1116998769,4,10,3,6
3207,2347,431,21456,5,17,1,11399,0.5315063385533184,11957,8156,2,1051,165,58,41,14,5,2,0,12,11957,8156,2,1051,165,58,41,14,5,2,0,7,10048,9497,551,2,0,9486,242,5068,4,208,872,0.01127889634601044,2,2005-05-25 05:27:09,1116998829,4,8,12,24
3208,726,1573,15020,4,15,1,8574,0.4992676431424767,8956,5149,0,692,83,58,50,13,14,0,0,12,8956,5149,0,692,83,58,50,13,14,0,0,1,6438,6057,381,7,0,6715,134,3324,2,88,866,0.008921438082556592,2,2005-05-25 05:28:09,1116998889,4,8,18,36
3209,479,1732,17622,5,21,1,9255,0.5503348087617751,9723,6717,5,773,299,60,28,12,4,1,0,10,9723,6717,5,773,299,60,28,12,4,1,0,7,8359,7898,461,1,0,8127,140,3854,0,42,659,0.00794461468618772,1,2005-05-25 05:29:09,1116998949,5,10,18,36
3210,1434,503,17478,4,19,1,9971,0.5027750758139269,10376,6043,5,809,110,47,41,4,19,20,0,13,10376,6043,5,809,110,47,41,4,19,20,0,15,7490,7100,390,1,1,6666,173,3342,0,242,778,0.009898157683945532,2,2005-05-25 05:30:09,1116999009,4,8,11,22
3211,814,619,11364,6,21,1,6027,0.6046286518831397,6319,3977,2,819,127,49,21,12,13,2,0,18,6319,3977,2,819,127,49,21,12,13,2,0,7,5317,5032,285,13,0,5129,127,3034,4,100,330,0.011175642379443858,1,2005-05-25 05:31:09,1116999069,6,9,4,8
3212,1076,792,16676,5,19,1,9201,0.5125929479491484,9714,5833,5,897,109,74,29,8,4,2,0,11,9714,5833,5,897,109,74,29,8,4,2,0,1,7474,6962,512,0,0,7143,199,3880,0,194,755,0.011933317342288318,3,2005-05-25 05:32:09,1116999129,4,9,16,32
3213,2979,2116,35252,5,15,1,19214,0.6202944597316388,20248,10251,7,3833,363,196,185,135,17,9,2,13,20248,10251,7,3833,363,196,185,135,17,9,2,13,16021,15000,1021,3,1,13966,768,7472,8,376,1972,0.02178599795756269,2,2005-05-25 05:33:09,1116999189,4,8,6,12
3214,722,2040,19172,4,17,1,9639,0.5986334237429585,10570,6778,4,1449,159,71,93,15,10,0,0,18,10570,6778,4,1449,159,71,93,15,10,0,0,3,9530,8602,928,0,0,8662,292,4532,0,120,1049,0.015230544544126853,2,2005-05-25 05:34:09,1116999249,4,8,8,16
3215,157,1524,18616,4,15,1,9667,0.5497421572840567,10315,7057,5,891,203,85,30,8,11,2,0,12,10315,7057,5,891,203,85,30,8,11,2,0,10,8938,8300,638,1,0,8810,248,3934,0,24,921,0.013320442582447094,2,2005-05-25 05:35:09,1116999309,4,9,7,14
3216,1275,1143,21920,5,18,1,10868,0.5554288321167883,11379,9276,3,1044,138,57,9,5,8,1,0,10,11379,9276,3,1044,138,57,9,5,8,1,0,5,11046,10540,506,1,0,9211,215,4442,4,126,1293,0.009808394160583942,2,2005-05-25 05:36:09,1116999369,5,9,13,26
3217,920,335,7574,5,15,1,4171,0.506337470293108,4378,2781,1,285,74,36,11,4,3,1,0,10,4378,2781,1,285,74,36,11,4,3,1,0,12,3390,3195,195,1,0,3747,85,1602,0,50,191,0.01122260364404542,1,2005-05-25 05:37:09,1116999429,5,7,1,2
3218,2296,1577,22824,4,19,1,11323,0.6092271293375394,12061,8879,6,1289,171,267,134,9,2,2,0,20,12061,8879,6,1289,171,267,134,9,2,2,0,0,11501,10763,738,0,0,9556,324,5560,2,198,729,0.014195583596214513,1,2005-05-25 05:38:09,1116999489,4,8,5,10
3219,2788,1709,34514,6,19,1,17680,0.596540534275946,18853,12601,8,2163,440,185,168,54,25,5,1,14,18853,12601,8,2163,440,185,168,54,25,5,1,3,16828,15658,1170,3,0,13794,647,8794,4,290,1455,0.01874384379164494,2,2005-05-25 05:39:09,1116999549,6,8,10,20
3220,919,1915,24568,4,18,1,12493,0.5778655161185282,13292,9422,4,1356,204,157,89,21,4,7,7,14,13292,9422,4,1356,204,157,89,21,4,7,7,0,12074,11275,799,1,0,11240,386,5342,0,110,1228,0.01571021571021571,2,2005-05-25 05:40:09,1116999609,4,8,26,52
3221,160,2038,18208,4,22,1,9112,0.562335237258348,9664,7443,2,787,189,45,57,8,7,1,1,20,9664,7443,2,787,189,45,57,8,7,1,1,18,9073,8539,534,5,0,8882,204,4334,0,42,838,0.011203866432337437,2,2005-05-25 05:41:09,1116999669,4,8,6,12
3222,130,1391,12358,5,14,1,6294,0.5958083832335329,6606,4936,2,457,189,39,11,114,1,3,0,10,6606,4936,2,457,189,39,11,114,1,3,0,6,6056,5750,306,2,0,5794,74,2512,0,8,554,0.00598802395209581,1,2005-05-25 05:42:09,1116999729,5,8,10,20
3223,2156,548,16362,3,19,1,8045,0.6125168072362792,8381,6710,1,863,188,154,31,15,5,12,1,11,8381,6710,1,863,188,154,31,15,5,12,1,7,8304,7975,329,6,0,7625,71,3536,0,124,603,0.004339322821171006,1,2005-05-25 05:43:09,1116999789,3,8,5,10
3224,574,446,7430,4,20,1,4071,0.5839838492597578,4229,2693,1,300,40,19,120,8,7,2,6,16,4229,2693,1,300,40,19,120,8,7,2,6,2,3353,3197,156,4,0,3298,3,1638,2,116,587,0.0004037685060565276,1,2005-05-25 05:44:09,1116999849,4,8,19,38
3225,1382,211,12832,5,17,1,6487,0.5683554169914263,6797,5135,7,745,91,14,10,19,5,4,0,13,6797,5135,7,745,91,14,10,19,5,4,0,20,6321,6031,290,2,2,6260,26,2882,4,146,779,0.0020261845386533666,1,2005-05-25 05:45:09,1116999909,4,8,9,18
3226,1757,724,21174,3,21,1,11592,0.5069424766222727,12152,7809,4,961,143,29,55,17,1,2,0,18,12152,7809,4,961,143,29,55,17,1,2,0,6,9576,9022,554,0,0,9635,92,4652,2,154,1439,0.004344951355435912,2,2005-05-25 05:46:09,1116999969,3,9,10,20
3227,890,4931,42820,4,17,1,22107,0.5419196637085474,23558,16482,12,2198,325,87,111,26,12,3,4,18,23558,16482,12,2198,325,87,111,26,12,3,4,2,20709,19260,1449,2,0,17097,217,8754,2,86,1378,0.005067725361980383,2,2005-05-25 05:47:09,1117000029,4,8,14,28
3228,2394,978,21456,5,19,1,10180,0.6252330350484713,11022,8373,6,1591,246,79,108,18,8,3,2,10,11022,8373,6,1591,246,79,108,18,8,3,2,13,11258,10429,829,5,0,8956,72,4750,4,186,1037,0.003355704697986577,1,2005-05-25 05:48:09,1117000089,5,8,4,8
3229,1886,1503,22850,4,21,1,11753,0.6136811239003895,12464,7170,3,2933,218,27,22,7,2,1,1,11,12464,7170,3,2933,218,27,22,7,2,1,1,0,11094,10383,711,2,1,8378,77,4046,4,280,1797,0.0033698030634573303,1,2005-05-25 05:49:09,1117000149,4,9,1,2
3230,3504,1516,33798,5,20,1,16772,0.5708030060950352,17764,13716,7,1876,207,102,85,25,3,5,1,12,17764,13716,7,1876,207,102,85,25,3,5,1,1,17024,16033,991,1,0,15676,164,7640,8,292,1906,0.004852358127699864,1,2005-05-25 05:50:09,1117000209,5,8,12,24
3231,1002,2002,23040,6,21,1,12450,0.5569444444444445,13253,8278,1,1032,236,39,48,106,6,2,1,20,13253,8278,1,1032,236,39,48,106,6,2,1,7,10580,9784,796,3,0,10229,192,5180,0,102,1103,0.008333333333333333,2,2005-05-25 05:51:09,1117000269,6,8,18,36
3232,129,3642,34558,4,22,1,17922,0.5291972915099253,18820,14186,4,1107,221,60,44,108,2,2,3,20,18820,14186,4,1107,221,60,44,108,2,2,3,16,16619,15737,882,1,0,15670,100,6272,0,18,1764,0.0028936859771977546,2,2005-05-25 05:52:09,1117000329,4,8,8,16
3233,1405,1067,22120,4,19,1,11772,0.5092676311030742,12596,8254,3,1021,150,40,35,10,6,2,0,12,12596,8254,3,1021,150,40,35,10,6,2,0,12,10333,9521,812,3,0,9050,91,4854,4,128,1023,0.0041135521200614785,1,2005-05-25 05:53:09,1117000389,4,8,10,20
3234,2252,150,21876,5,19,1,11136,0.5501919912232583,11599,8962,3,1113,92,38,50,11,2,3,0,12,11599,8962,3,1113,92,38,50,11,2,3,0,2,10734,10273,461,4,0,10630,59,4738,4,204,1808,0.002697019564819894,2,2005-05-25 05:54:09,1117000449,5,8,8,16
3235,739,549,13342,6,15,1,7145,0.5290061460050967,7561,4849,0,760,107,25,14,2,6,18,0,8,7561,4849,0,760,107,25,14,2,6,18,0,3,6193,5780,413,1,0,6379,48,3350,4,118,305,0.003597661520011992,2,2005-05-25 05:55:09,1117000509,6,8,14,28
3236,1467,712,17448,7,17,1,9028,0.5357941193328366,9573,6905,4,691,159,59,41,7,3,5,0,10,9573,6905,4,691,159,59,41,7,3,5,0,11,8404,7870,534,4,1,8540,47,4250,8,118,631,0.0026937184777624944,2,2005-05-25 05:56:09,1117000569,4,8,6,12
3237,537,1551,20964,6,18,1,11411,0.5161228773134898,12017,7720,9,908,155,71,62,19,3,0,0,10,12017,7720,9,908,155,71,62,19,3,0,0,5,9547,8946,601,1,0,9614,30,4920,4,84,1178,0.0014310246136233545,2,2005-05-25 05:57:09,1117000629,6,8,4,8
3238,89,2083,19972,4,17,1,10268,0.5488183456839575,10843,8008,10,832,142,30,70,7,6,19,1,12,10843,8008,10,832,142,30,70,7,6,19,1,2,9699,9126,573,3,0,9913,75,4162,2,20,1118,0.0037552573603044257,2,2005-05-25 05:58:09,1117000689,4,8,7,14
3239,1860,874,23238,4,18,1,12682,0.51717015233669,13257,8789,0,643,439,31,39,7,24,2,1,12,13257,8789,0,643,439,31,39,7,24,2,1,3,10551,9979,572,2,0,10030,63,4530,6,152,1260,0.002711076684740511,1,2005-05-25 05:59:09,1117000749,4,8,14,28
3240,1057,1179,23236,4,17,1,13098,0.5035293104932427,13565,8514,2,779,190,32,29,112,6,2,0,12,13565,8514,2,779,190,32,29,112,6,2,0,11,10119,9664,455,6,2,10281,76,4796,0,134,1319,0.003270505206988553,1,2005-05-25 06:00:09,1117000809,4,9,11,22
3241,2425,412,23764,5,18,1,12330,0.5420123825969759,12868,9346,6,1292,136,41,36,10,3,3,0,11,12868,9346,6,1292,136,41,36,10,3,3,0,2,11390,10854,536,21,21,10750,54,4852,0,226,1540,0.0022723447231105874,2,2005-05-25 06:01:09,1117000869,5,8,27,54
3242,718,1392,19154,8,17,1,10528,0.5496031746031746,11111,6434,7,1272,132,42,29,111,12,1,0,11,11111,6434,7,1272,132,42,29,111,12,1,0,0,8598,8015,583,26,2,8527,51,4502,0,96,647,0.002662629215829592,2,2005-05-25 06:02:09,1117000929,8,9,13,26
3243,166,1509,12722,4,19,1,6395,0.592059748427673,6759,4827,1,901,149,25,33,6,14,3,0,11,6759,4827,1,901,149,25,33,6,14,3,0,11,6297,5944,353,17,2,6092,5,2588,0,58,556,0.0003930199654142431,1,2005-05-25 06:03:09,1117000989,4,9,9,18
3244,789,1634,18962,5,14,1,10541,0.527534550058023,10931,6533,2,1205,184,58,28,5,12,0,0,10,10931,6533,2,1205,184,58,28,5,12,0,0,5,8402,8018,384,10,4,7513,26,4096,0,104,476,0.0013710187724108838,1,2005-05-25 06:04:09,1117001049,5,8,9,18
3245,569,1006,10092,5,17,1,5752,0.6417451660882498,6100,2722,8,700,176,185,183,3,5,2,0,18,6100,2722,8,700,176,185,183,3,5,2,0,8,4282,3942,340,43,7,4124,4,2408,0,94,228,0.00039627501486031293,1,2005-05-25 06:05:09,1117001109,5,8,6,12
3246,985,270,11680,2,19,1,6194,0.5498758455347205,6451,4355,4,701,101,31,28,4,1,2,0,11,6451,4355,4,701,101,31,28,4,1,2,0,19,5461,5223,238,5,1,5395,6,2978,0,112,250,0.0005136986301369864,1,2005-05-25 06:06:09,1117001169,2,8,35,70
3247,2456,945,21472,5,18,1,10638,0.5676695230998511,11361,8718,2,1066,146,99,43,5,21,8,2,11,11361,8718,2,1066,146,99,43,5,21,8,2,13,10813,10103,710,8,0,9831,16,4596,0,156,1347,0.0007451564828614009,1,2005-05-25 06:07:09,1117001229,5,9,27,54
3248,677,1750,16668,5,14,1,9084,0.5614950803935685,9663,5502,10,1033,307,66,57,5,13,10,1,11,9663,5502,10,1033,307,66,57,5,13,10,1,1,7578,7000,578,5,0,7496,32,3988,0,112,564,0.0019196160767846434,2,2005-05-25 06:08:09,1117001289,5,8,3,6
3249,485,820,11366,5,17,1,6636,0.5180033453649089,6915,3549,2,692,82,33,34,13,23,2,13,11,6915,3549,2,692,82,33,34,13,23,2,13,0,4706,4427,279,17,7,5070,11,2576,0,60,804,0.0009677986978708428,1,2005-05-25 06:09:09,1117001349,4,8,43,86
3250,1070,673,10526,5,18,1,5756,0.6515914489311164,6049,2887,0,1241,139,98,41,39,19,2,9,11,6049,2887,0,1241,139,98,41,39,19,2,9,2,4765,4474,291,2,1,4631,16,2612,0,96,305,0.001519756838905775,3,2005-05-25 06:10:09,1117001409,5,8,26,52
3251,580,335,6886,4,17,1,3919,0.5715945396456579,4224,1996,10,444,114,19,23,8,32,1,13,11,4224,1996,10,444,114,19,23,8,32,1,13,18,2932,2645,287,17,0,3069,16,1804,0,80,154,0.0023235550392099913,1,2005-05-25 06:11:09,1117001469,4,8,12,24
3252,376,397,6760,4,19,1,4013,0.4421597633136095,4287,2166,2,210,37,37,8,9,2,2,0,10,4287,2166,2,210,37,37,8,9,2,2,0,8,2735,2469,266,4,0,2898,18,1460,0,112,269,0.002662721893491124,1,2005-05-25 06:12:09,1117001529,4,9,26,52
3253,1282,1053,16892,4,21,1,8551,0.5475372957613072,9115,7045,1,488,135,39,14,17,14,2,0,18,9115,7045,1,488,135,39,14,17,14,2,0,1,8338,7775,563,2,0,7310,37,3610,2,112,845,0.002190385981529718,1,2005-05-25 06:13:09,1117001589,4,8,4,8
3254,917,3449,37544,6,19,1,20203,0.5146228425314298,21450,14402,18,1052,365,85,110,21,11,4,1,18,21450,14402,18,1052,365,85,110,21,11,4,1,19,17321,16093,1228,1,0,16109,194,7746,0,98,1703,0.0051672704027274675,2,2005-05-25 06:14:09,1117001649,5,8,21,42
3255,1033,2030,18116,6,19,1,9146,0.5626517995142416,9591,7758,17,434,157,34,59,15,4,46,1,10,9591,7758,17,434,157,34,59,15,4,46,1,2,8965,8522,443,3,0,7353,136,3892,0,74,877,0.007507175977036874,2,2005-05-25 06:15:09,1117001709,6,9,2,4
3256,630,1222,13316,4,18,1,6565,0.5461850405527185,6944,5783,0,433,94,6,41,2,7,5,0,12,6944,5783,0,433,94,6,41,2,7,5,0,0,6750,6371,379,1,0,5384,44,2922,0,86,810,0.003304295584259537,2,2005-05-25 06:16:09,1117001769,4,8,12,24
3257,1711,166,13158,5,19,1,6680,0.5762273901808785,7006,5060,2,871,169,22,20,2,1,3,0,11,7006,5060,2,871,169,22,20,2,1,3,0,8,6465,6147,318,5,0,6233,34,3166,0,124,746,0.002583979328165375,1,2005-05-25 06:17:09,1117001829,5,8,13,26
3258,3801,3017,33430,4,21,1,16596,0.7237511217469339,17583,9733,1,5101,419,217,256,68,14,30,3,20,17583,9733,1,5101,419,217,256,68,14,30,3,12,16819,15844,975,3,0,13489,449,6498,16,362,1836,0.013430246470447476,2,2005-05-25 06:18:09,1117001889,3,9,9,18
3259,129,2143,17074,4,25,1,8904,0.5530045683495373,9420,6510,2,891,107,44,48,20,3,26,0,22,9420,6510,2,891,107,44,48,20,3,26,0,10,8158,7652,506,2,0,8101,79,3852,0,24,751,0.004626918121119831,2,2005-05-25 06:19:09,1117001949,4,8,7,14
3260,565,1625,14508,4,17,1,7589,0.5532120209539564,7910,5595,1,808,104,24,24,37,1,1,0,18,7910,5595,1,808,104,24,24,37,1,1,0,0,6913,6592,321,6,0,6622,89,2968,4,44,700,0.006134546457127102,1,2005-05-25 06:20:09,1117002009,4,8,1,2
3261,97,733,13746,4,19,1,7516,0.5085115670013095,8048,5019,0,359,196,45,47,4,2,25,0,12,8048,5019,0,359,196,45,47,4,2,25,0,1,6227,5696,531,2,0,6652,37,2810,4,10,753,0.002691300552807681,2,2005-05-25 06:21:09,1117002069,4,8,14,28
3262,720,318,8694,5,17,1,4481,0.5407177363699103,4820,3290,0,470,73,6,19,3,1,9,0,13,4820,3290,0,470,73,6,19,3,1,9,0,15,4196,3873,323,2,0,3829,24,2148,2,76,284,0.0027605244996549345,1,2005-05-25 06:22:09,1117002129,5,8,64,128
3263,765,162,8404,4,19,1,4585,0.5259400285578296,4793,2904,0,640,51,8,2,3,1,2,0,8,4793,2904,0,640,51,8,2,3,1,2,0,1,3818,3611,207,0,0,3683,31,2116,0,78,440,0.003688719657306045,2,2005-05-25 06:23:09,1117002189,4,8,4,8
3264,2229,1276,23160,5,19,1,11474,0.6305539962865409,12076,8415,0,2200,296,89,36,17,13,3,10,20,12076,8415,0,2200,296,89,36,17,13,3,10,7,11677,11082,595,1,1,10299,55,4538,0,276,1991,0.002374784110535406,2,2005-05-25 06:24:09,1117002249,5,8,37,74
3265,1179,1702,27322,7,22,1,17172,0.4378522802137472,18058,7389,1,1396,352,44,37,12,10,17,0,20,18058,7389,1,1396,352,44,37,12,10,17,0,8,10141,9263,878,1,0,10952,56,5708,2,252,652,0.002049630334528951,2,2005-05-25 06:25:09,1117002309,7,8,5,10
3266,312,3955,31784,5,22,1,17130,0.5022338283413038,17956,12437,5,1018,214,49,55,42,2,2,0,12,17956,12437,5,1018,214,49,55,42,2,2,0,16,14636,13826,810,2,0,13801,105,5734,0,38,1946,0.0033035489554492825,1,2005-05-25 06:26:09,1117002369,5,8,2,4
3267,1657,495,17006,4,18,1,9105,0.5313418793367047,9608,6312,4,841,104,49,44,38,5,0,0,11,9608,6312,4,841,104,49,44,38,5,0,0,13,7884,7395,489,4,0,6730,40,3698,0,144,859,0.002352111019640127,2,2005-05-25 06:27:09,1117002429,4,8,2,4
3268,322,1082,7998,5,21,1,4182,0.6245311327831958,4375,2922,4,508,67,44,50,3,4,2,0,18,4375,2922,4,508,67,44,50,3,4,2,0,2,3814,3623,191,0,0,3815,15,1702,0,90,273,0.001875468867216804,1,2005-05-25 06:28:09,1117002489,5,8,13,26
3269,2027,164,17840,4,17,1,9527,0.5032511210762332,10098,6876,7,662,146,15,24,3,6,1,0,11,10098,6876,7,662,146,15,24,3,6,1,0,29,8281,7740,541,3,0,8426,63,3712,0,198,1114,0.0035313901345291475,1,2005-05-25 06:29:09,1117002549,4,8,48,96
3270,296,561,15666,3,18,1,8382,0.4890846418996553,9005,6196,3,272,139,14,15,3,0,0,1,18,9005,6196,3,272,139,14,15,3,0,0,1,0,7283,6660,623,1,0,7182,11,3144,0,52,1723,0.0007021575386186648,1,2005-05-25 06:30:09,1117002609,3,8,14,28
3271,257,1580,11076,5,17,1,5996,0.5089382448537378,6299,4176,6,470,80,23,13,3,5,0,0,11,6299,4176,6,470,80,23,13,3,5,0,0,1,5066,4764,302,13,0,5235,9,2774,0,40,298,0.0008125677139761648,1,2005-05-25 06:31:09,1117002669,5,8,12,24
3272,383,430,12004,7,18,1,6147,0.5057480839720093,6577,5017,4,318,46,5,12,21,2,0,1,11,6577,5017,4,318,46,5,12,21,2,0,1,30,5822,5423,399,5,0,5278,26,2880,0,104,851,0.002165944685104965,1,2005-05-25 06:32:09,1117002729,5,8,12,24
3273,1620,295,18000,4,17,1,9098,0.5381709078786532,9607,7372,1,871,103,17,14,3,3,2,0,12,9607,7372,1,871,103,17,14,3,3,2,0,15,8883,8389,494,2,2,8416,202,3848,6,158,1277,0.011222222222222222,2,2005-05-25 06:33:09,1117002789,4,9,34,68
3274,342,506,8750,5,21,1,5043,0.4998857142857143,5219,3051,4,325,65,43,24,11,3,2,0,18,5219,3051,4,325,65,43,24,11,3,2,0,2,3704,3530,174,1,0,4042,55,2294,4,44,507,0.006285714285714286,1,2005-05-25 06:34:09,1117002849,5,7,7,14
3275,1461,562,19436,5,17,1,9866,0.5386396377855526,10419,7889,0,953,99,31,25,15,2,3,0,8,10419,7889,0,953,99,31,25,15,2,3,0,9,9559,9015,544,2,0,9279,119,4078,4,118,899,0.006122658983329903,2,2005-05-25 06:35:09,1117002909,5,8,4,8
3276,505,589,11836,4,15,1,6142,0.5131389945078157,6488,4846,0,369,97,13,11,4,3,2,0,18,6488,4846,0,369,97,13,11,4,3,2,0,1,5690,5345,345,2,1,5673,24,2598,0,46,646,0.002027712064886786,1,2005-05-25 06:36:09,1117002969,4,8,15,30
3277,634,305,12934,7,15,1,6612,0.528838719653626,6975,5308,3,530,62,37,7,11,1,0,0,10,6975,5308,3,530,62,37,7,11,1,0,0,10,6310,5957,353,2,0,5853,30,3166,2,100,389,0.002319468068656255,1,2005-05-25 06:37:09,1117003029,7,9,16,32
3278,371,503,7938,4,17,1,4203,0.5915847820609725,4422,2689,0,614,147,37,15,7,2,0,0,12,4422,2689,0,614,147,37,15,7,2,0,0,3,3730,3514,216,2,0,3571,8,2032,0,28,205,0.0010078105316200557,1,2005-05-25 06:38:09,1117003089,4,8,2,4
3279,2466,684,17754,11,15,1,8848,0.7405091810296272,9362,4669,4,3269,234,62,20,118,9,1,0,12,9362,4669,4,3269,234,62,20,118,9,1,0,1,8904,8391,513,1,0,8006,54,4102,0,324,1147,0.0030415680973301788,1,2005-05-25 06:39:09,1117003149,5,8,10,20
3280,933,1995,20226,4,18,1,10681,0.5987639060568604,11295,6468,11,2085,222,82,38,9,10,0,1,12,11295,6468,11,2085,222,82,38,9,10,0,1,12,9528,8926,602,4,1,8274,33,4704,2,238,949,0.0016315633343221595,1,2005-05-25 06:40:09,1117003209,4,8,25,50
3281,84,1053,16088,4,15,1,8679,0.5280333167578319,9183,5944,1,727,86,29,9,106,0,1,0,13,9183,5944,1,727,86,29,9,106,0,1,0,11,7398,6905,493,0,0,7578,17,3640,0,34,1056,0.0010566882148184983,1,2005-05-25 06:41:09,1117003269,4,9,2,4
3282,64,2031,16362,5,17,1,9376,0.4537342623151204,9837,5962,7,394,114,9,22,13,2,0,0,13,9837,5962,7,394,114,9,22,13,2,0,0,2,6983,6524,459,1,0,7194,5,2980,0,32,616,0.0003055861141669722,1,2005-05-25 06:42:09,1117003329,5,8,4,8
3283,178,2681,24868,4,18,1,13830,0.4693984236770146,14501,9551,6,534,198,39,17,8,9,2,1,12,14501,9551,6,534,198,39,17,8,9,2,1,5,11031,10366,665,2,0,11203,149,4330,0,8,690,0.005991635837220524,1,2005-05-25 06:43:09,1117003389,4,8,17,34
3284,57,1354,8240,8,17,1,4060,0.6131067961165049,4333,3586,4,117,29,35,30,21,3,78,0,11,4333,3586,4,117,29,35,30,21,3,78,0,11,4166,3904,262,3,0,4085,191,1514,0,10,559,0.02317961165048544,2,2005-05-25 06:44:09,1117003449,4,8,5,10
3285,10,3,688,4,19,1,521,0.25181950509461426,535,141,0,8,1,0,1,0,0,1,0,8,535,141,0,8,1,0,1,0,0,1,0,1,165,152,13,0,1,329,14,236,0,12,1,0.020348837209302327,1,2005-05-25 06:45:09,1117003509,4,7,15,30
3286,75,6,518,16,17,1,411,0.3166023166023166,431,72,5,4,3,1,0,0,0,1,0,13,431,72,5,4,3,1,0,0,0,1,0,12,92,84,8,3,0,254,5,104,0,10,1,0.009652509652509652,1,2005-05-25 06:46:09,1117003569,6,6,9,18
3287,18,13,276,3,11,1,211,0.5652173913043478,223,31,0,7,1,1,0,0,0,13,0,8,223,31,0,7,1,1,0,0,0,13,0,1,62,51,11,2,0,125,7,78,0,10,1,0.025362318840579712,1,2005-05-25 06:47:09,1117003629,3,7,17,34
3288,8,62,1394,4,17,1,832,0.2742282842785355,1029,350,0,11,2,1,0,0,0,0,0,4,1029,350,0,11,2,1,0,0,0,0,0,15,543,361,182,3,1,465,10,310,0,12,0,0.0071736011477761845,1,2005-05-25 06:48:09,1117003689,4,6,2,4
3289,5,4,824,4,19,1,501,0.2766990291262136,625,187,0,6,1,2,2,0,0,1,0,8,625,187,0,6,1,2,2,0,0,1,0,1,322,199,123,0,0,408,4,210,0,8,1,0.0048543689320388345,1,2005-05-25 06:49:09,1117003749,4,8,5,10
3290,8,6,776,4,17,1,496,0.35309278350515466,543,219,0,5,3,2,0,2,0,2,0,8,543,219,0,5,3,2,0,2,0,2,0,1,275,229,46,4,0,382,4,234,0,4,0,0.005154639175257732,2,2005-05-25 06:50:09,1117003809,4,10,15,30
3291,3,7,824,4,19,1,686,0.1529126213592233,731,82,0,2,5,2,0,0,0,1,1,9,731,82,0,2,5,2,0,0,0,1,1,12,124,91,33,2,0,256,6,208,0,12,0,0.0072815533980582535,3,2005-05-25 06:51:09,1117003869,4,8,16,32
3292,6,12,402,4,17,1,338,0.17661691542288555,370,11,0,11,7,1,1,0,0,1,0,8,370,11,0,11,7,1,1,0,0,1,0,12,50,30,20,2,0,182,43,114,0,12,1,0.10696517412935323,3,2005-05-25 06:52:09,1117003929,4,8,1,2
3293,5,3,346,4,11,1,327,0.07514450867052024,334,3,0,4,5,0,0,0,0,0,0,3,334,3,0,4,5,0,0,0,0,0,0,1,17,11,6,1,0,166,2,84,0,8,0,0.005780346820809247,1,2005-05-25 06:53:09,1117003989,4,5,0,0
3294,7,5,432,4,18,1,382,0.16666666666666666,394,18,0,14,1,2,3,0,0,0,0,5,394,18,0,14,1,2,3,0,0,0,0,1,48,37,11,1,0,203,15,124,0,12,0,0.034722222222222224,2,2005-05-25 06:54:09,1117004049,4,7,3,6
3295,2166,27,6416,4,20,1,3541,0.4557356608478803,3753,2542,0,64,14,13,27,1,0,1,0,11,3753,2542,0,64,14,13,27,1,0,1,0,12,2861,2661,200,2,0,2765,29,1272,4,36,67,0.00451995012468828,3,2005-05-25 06:55:09,1117004109,4,15,26,52
3296,29,127,5362,4,20,1,4651,0.10481163744871316,4884,417,0,48,7,3,2,1,0,0,0,6,4884,417,0,48,7,3,2,1,0,0,0,1,708,476,232,2,0,2556,47,1098,0,12,33,0.00876538604998135,3,2005-05-25 06:56:09,1117004169,4,15,4,8
3297,327,1605,6040,4,17,1,3298,0.4917218543046358,3471,2309,0,196,30,4,28,0,0,1,0,15,3471,2309,0,196,30,4,28,0,0,1,0,5,2734,2566,168,3,0,2999,74,1216,0,16,36,0.012251655629139073,1,2005-05-25 06:57:09,1117004229,4,7,2,4
3298,96,502,3790,5,19,1,2125,0.43905013192612136,2208,1526,0,39,13,2,1,0,0,1,0,8,2208,1526,0,39,13,2,1,0,0,1,0,1,1663,1581,82,1,0,1861,45,898,2,34,209,0.011873350923482849,2,2005-05-25 06:58:09,1117004289,5,7,18,36
3299,15,209,1910,9,17,1,1280,0.3895287958115184,1343,454,0,70,34,3,2,3,0,1,0,8,1343,454,0,70,34,3,2,3,0,1,0,17,610,564,46,3,0,785,24,516,0,14,51,0.012565445026178013,2,2005-05-25 06:59:09,1117004349,5,7,0,0
3300,535,99,5006,5,19,1,2484,0.5081901717938474,2712,2086,0,188,10,6,0,1,2,1,0,8,2712,2086,0,188,10,6,0,1,2,1,0,6,2516,2294,222,0,0,2420,29,1286,0,62,263,0.005793048341989611,1,2005-05-25 07:00:09,1117004409,5,7,9,18
3301,2954,247,21890,5,17,1,10708,0.5732102882726484,11317,8958,1,1386,144,54,19,8,0,2,0,10,11317,8958,1,1386,144,54,19,8,0,2,0,2,11177,10571,606,2,1,10799,74,4390,2,232,1098,0.003380539058931018,3,2005-05-25 07:01:09,1117004469,5,8,15,30
3302,1638,727,17180,5,21,1,8859,0.6182548460329472,9341,6298,5,1131,165,55,36,118,5,7,0,18,9341,6298,5,1131,165,55,36,118,5,7,0,9,8304,7831,473,7,1,7527,311,4258,2,188,895,0.018102444703143192,1,2005-05-25 07:02:09,1117004529,5,8,18,36
3303,2049,515,21100,4,21,1,11840,0.5734597156398105,12369,6679,10,1604,209,111,27,6,3,59,1,18,12369,6679,10,1604,209,111,27,6,3,59,1,13,9245,8729,516,2,0,9931,248,5178,2,180,1037,0.01175355450236967,2,2005-05-25 07:03:09,1117004589,4,8,4,8
3304,3834,845,43414,6,21,1,23081,0.5907771686552725,24088,14022,8,4840,331,55,25,3,4,18,1,18,24088,14022,8,4840,331,55,25,3,4,18,1,2,20325,19320,1005,6,0,19682,614,8562,6,490,2610,0.014142903210945778,2,2005-05-25 07:04:09,1117004649,6,9,19,38
3305,4106,2351,33052,4,15,1,17176,0.6798983420065352,17800,9646,6,4719,573,102,120,49,18,9,2,12,17800,9646,6,4719,573,102,120,49,18,9,2,8,15867,15251,616,1,0,15031,703,7266,2,404,1778,0.021269514704102627,2,2005-05-25 07:05:09,1117004709,4,9,5,10
3306,4446,5580,51756,5,19,1,29236,0.6219375531339362,30824,12205,18,7455,768,141,192,89,36,4,10,12,30824,12205,18,7455,768,141,192,89,36,4,10,3,22515,20930,1585,2,0,20148,1048,11052,8,446,995,0.020248860035551437,2,2005-05-25 07:06:09,1117004769,5,9,32,64
3307,2212,3696,42054,5,21,1,23221,0.5524088077234033,24359,14333,16,2548,301,174,160,42,46,54,6,20,24359,14333,16,2548,301,174,160,42,46,54,6,18,18809,17689,1120,6,0,19704,774,8600,0,166,1996,0.018404032718280387,3,2005-05-25 07:07:09,1117004829,5,9,7,14
3308,1641,3133,36340,4,20,1,20000,0.554210236653825,21188,12311,5,1976,304,326,63,34,45,75,1,24,21188,12311,5,1976,304,326,63,34,45,75,1,8,16323,15143,1180,9,0,14993,402,7512,4,120,1895,0.011062190423775452,2,2005-05-25 07:08:09,1117004889,4,8,2,4
3309,1001,1022,18988,7,18,1,11347,0.5926355159879892,11991,4860,2,1403,208,52,189,234,23,2,7,17,11991,4860,2,1403,208,52,189,234,23,2,7,1,7627,6984,643,8,5,8272,168,4336,0,154,744,0.008847693279966295,2,2005-05-25 07:09:09,1117004949,7,9,3,6
3310,3481,1283,48952,4,21,1,24524,0.5990766465108678,25965,18554,4,3570,429,158,178,26,17,26,6,17,25965,18554,4,3570,429,158,178,26,17,26,6,12,24386,22957,1429,30,0,18676,1012,10322,6,434,3040,0.02067162349865185,2,2005-05-25 07:10:09,1117005009,4,8,27,54
3311,849,2317,25018,13,25,1,14000,0.5569412799296478,14709,8227,2,1542,179,134,79,26,37,58,15,22,14709,8227,2,1542,179,134,79,26,37,58,15,4,11010,10305,705,3,1,10405,266,6340,0,144,667,0.010631494804156677,2,2005-05-25 07:11:09,1117005069,5,8,11,22
3312,1301,1046,18486,5,17,1,10592,0.5316455696202531,10951,5586,0,1773,98,30,34,5,4,1,0,12,10951,5586,0,1773,98,30,34,5,4,1,0,3,7890,7534,356,1,0,7418,177,4144,2,80,744,0.00957377758546084,2,2005-05-25 07:12:09,1117005129,5,8,5,10
3313,503,3150,22450,4,18,1,12591,0.5814958350037863,13084,6723,2,2154,259,52,51,113,7,3,0,12,13084,6723,2,2154,259,52,51,113,7,3,0,10,9846,9363,483,2,1,9717,232,4178,2,110,882,0.010334075723830737,2,2005-05-25 07:13:09,1117005189,4,8,14,28
3314,320,4024,38298,5,20,1,19870,0.5317510052744269,21910,13814,4,1933,370,110,51,21,17,56,2,18,21910,13814,4,1933,370,110,51,21,17,56,2,13,18412,16385,2027,3,0,17666,205,7948,0,34,2016,0.0053524804177545685,2,2005-05-25 07:14:09,1117005249,5,8,3,6
3315,359,3582,39796,5,19,1,21037,0.538144537139411,22014,15853,22,1231,376,89,119,53,7,12,0,18,22014,15853,22,1231,376,89,119,53,7,12,0,4,18745,17773,972,10,0,18748,88,6726,0,22,2457,0.0022112775153281736,2,2005-05-25 07:15:09,1117005309,4,8,2,4
3316,1819,707,27820,7,17,1,16299,0.437491013659238,17014,9959,2,528,240,19,36,4,9,8,1,10,17014,9959,2,528,240,19,36,4,9,8,1,1,11511,10797,714,9,0,11081,104,5096,0,182,1042,0.003738317757009346,2,2005-05-25 07:16:09,1117005369,7,8,17,34
3317,1969,889,32208,6,19,1,16423,0.5526887729756582,17265,12767,3,1746,315,59,31,6,7,3,1,12,17265,12767,3,1746,315,59,31,6,7,3,1,2,15780,14940,840,3,0,14648,197,5052,6,252,2197,0.006116492796820664,2,2005-05-25 07:17:09,1117005429,6,8,19,38
3318,2109,912,35376,4,21,1,21490,0.4527645861601086,22590,10949,4,1367,220,57,13,117,9,31,0,18,22590,10949,4,1367,220,57,13,117,9,31,0,20,13861,12781,1080,5,0,15943,140,6732,6,380,1424,0.003957485300768883,2,2005-05-25 07:18:09,1117005489,4,8,4,8
3319,691,2672,28022,4,19,1,14678,0.5333666404967525,15485,10939,4,1346,125,44,27,14,2,9,3,18,15485,10939,4,1346,125,44,27,14,2,9,3,6,13338,12537,801,0,0,13822,128,5170,0,124,1889,0.004567839554635644,2,2005-05-25 07:19:09,1117005549,4,8,0,0
3320,787,1432,33204,5,19,1,18957,0.4962353933261053,19945,11233,5,1513,244,88,30,123,15,2,1,20,19945,11233,5,1513,244,88,30,123,15,2,1,2,14241,13255,986,4,0,16404,133,6388,4,80,1371,0.004005541501023973,2,2005-05-25 07:20:09,1117005609,5,8,13,26
3321,242,590,9530,4,22,1,5086,0.5508919202518363,5264,3583,3,566,48,34,20,2,0,5,0,20,5264,3583,3,566,48,34,20,2,0,5,0,2,4441,4265,176,1,0,3944,47,2002,2,48,823,0.004931794333683106,2,2005-05-25 07:21:09,1117005669,4,9,14,28
3322,152,595,7732,4,18,1,4111,0.5636316606311433,4331,2795,5,494,47,18,18,4,7,3,0,14,4331,2795,5,494,47,18,18,4,7,3,0,13,3605,3398,207,3,0,3685,55,1978,0,28,394,0.007111455908973365,2,2005-05-25 07:22:09,1117005729,4,12,13,26
3323,232,716,12130,7,20,1,6971,0.4958779884583677,7327,4065,3,573,72,21,34,5,15,2,1,13,7327,4065,3,573,72,21,34,5,15,2,1,9,5146,4799,347,4,0,5666,86,2840,0,24,583,0.007089859851607584,2,2005-05-25 07:23:09,1117005789,7,9,31,62
3324,107,2957,24818,4,19,1,13510,0.5170037875735354,14154,9786,5,506,120,41,51,31,4,113,0,14,14154,9786,5,506,120,41,51,31,4,113,0,7,11294,10658,636,7,0,10406,100,4044,0,20,1213,0.0040293335482311215,1,2005-05-25 07:24:09,1117005849,4,9,13,26
3325,86,358,2156,4,23,1,1218,0.5255102040816326,1283,758,0,57,20,16,12,3,2,2,2,11,1283,758,0,57,20,16,12,3,2,2,2,11,919,865,54,8,0,1042,65,646,0,12,3,0.03014842300556586,2,2005-05-25 07:25:09,1117005909,4,12,50,100
3326,90,28,986,16,19,1,787,0.5638945233265721,812,61,11,47,18,13,13,2,0,1,1,13,812,61,11,47,18,13,13,2,0,1,1,2,193,170,23,4,0,311,91,354,0,10,2,0.0922920892494929,2,2005-05-25 07:26:09,1117005969,6,10,13,26
3327,119,48,700,10,17,1,493,1.0957142857142856,514,23,0,49,23,28,22,11,3,5,13,14,514,23,0,49,23,28,22,11,3,5,13,1,204,184,20,2,0,327,126,284,0,12,10,0.18,3,2005-05-25 07:27:09,1117006029,7,10,10,20
3328,82,68,710,5,19,1,501,0.8478873239436621,523,59,0,14,58,4,26,7,5,13,0,14,523,59,0,14,58,4,26,7,5,13,0,5,202,185,17,2,0,313,101,258,0,14,2,0.14225352112676054,2,2005-05-25 07:28:09,1117006089,3,10,30,60
3329,115,29,1100,5,18,1,856,0.4227272727272727,901,72,0,86,14,3,8,1,10,1,2,14,901,72,0,86,14,3,8,1,10,1,2,11,224,190,34,9,0,337,91,398,0,22,1,0.08272727272727272,2,2005-05-25 07:29:09,1117006149,5,13,82,164
3330,35,19,508,4,19,1,410,0.3346456692913386,431,36,0,25,4,7,0,1,1,2,0,15,431,36,0,25,4,7,0,1,1,2,0,3,93,75,18,2,0,239,40,176,0,12,0,0.07874015748031496,2,2005-05-25 07:30:09,1117006209,4,10,22,44
3331,38,15,512,3,17,0,413,0.359375,434,21,0,40,2,9,2,0,2,1,1,9,434,21,0,40,2,9,2,0,2,1,1,2,93,74,19,4,0,248,30,182,0,10,1,0.05859375,2,2005-05-25 07:31:09,1117006269,3,11,74,148
3332,167,61,952,6,16,0,635,0.898109243697479,659,30,0,184,21,25,1,3,10,5,0,14,659,30,0,184,21,25,1,3,10,5,0,0,315,291,24,2,0,404,212,426,0,12,7,0.2226890756302521,2,2005-05-25 07:32:09,1117006329,6,11,26,52
3333,139,84,1040,18,25,0,664,0.7951923076923076,734,40,0,131,99,8,6,10,4,3,2,13,734,40,0,131,99,8,6,10,4,3,2,16,356,302,54,4,0,444,203,484,0,12,6,0.1951923076923077,2,2005-05-25 07:33:09,1117006389,10,12,44,88
3334,52,24,280,9,17,0,151,0.740072202166065,162,66,0,34,7,1,3,1,0,2,1,9,162,66,0,34,7,1,3,1,0,2,1,2,121,112,9,3,3,119,38,124,0,10,2,0.1357142857142857,2,2005-05-25 07:34:09,1117006449,6,10,112,224
3335,13,7,424,4,18,0,375,0.16273584905660374,386,23,0,7,6,0,1,0,0,0,1,9,386,23,0,7,6,0,1,0,0,0,1,2,43,34,9,4,0,190,9,126,0,14,1,0.021226415094339618,1,2005-05-25 07:35:09,1117006509,4,8,11,22
3336,21,18,770,14,17,0,706,0.13636363636363635,719,19,0,21,7,0,3,0,0,1,0,8,719,19,0,21,7,0,3,0,0,1,0,0,48,35,13,16,0,217,17,186,0,20,5,0.022077922077922082,2,2005-05-25 07:36:09,1117006569,8,8,39,78
3337,13,26,450,4,11,0,379,0.2488888888888889,403,22,0,13,3,2,3,0,0,4,0,8,403,22,0,13,3,2,3,0,0,4,0,14,56,46,10,1,0,214,27,132,0,10,5,0.06,2,2005-05-25 07:37:09,1117006629,4,7,2,4
3338,14,9,598,3,17,0,548,0.1588628762541806,558,15,0,14,5,3,1,0,1,0,0,13,558,15,0,14,5,3,1,0,1,0,0,1,44,35,9,5,0,187,15,148,0,12,0,0.02508361204013378,2,2005-05-25 07:38:09,1117006689,3,7,5,10
3339,9,27,410,4,16,0,359,0.3,372,2,0,19,6,3,4,0,0,3,1,9,372,2,0,19,6,3,4,0,0,3,1,2,44,33,11,5,0,196,1,116,0,10,2,0.0024390243902439024,1,2005-05-25 07:39:09,1117006749,4,8,19,38
3340,53,13,524,8,17,0,413,0.400763358778626,439,14,0,24,42,4,0,1,0,0,0,6,439,14,0,24,42,4,0,1,0,0,0,12,91,77,14,8,0,250,31,162,0,12,0,0.05916030534351145,2,2005-05-25 07:40:09,1117006809,6,8,4,8
3341,135,24,1070,3,18,0,692,0.6280373831775701,717,180,0,88,49,18,17,0,0,0,0,12,717,180,0,88,49,18,17,0,0,0,0,0,377,352,25,1,0,477,15,274,0,16,50,0.014018691588785048,1,2005-05-25 07:41:09,1117006869,3,12,22,44
3342,33,34,860,18,18,0,662,0.4930232558139535,686,97,0,12,36,3,14,2,2,3,0,15,686,97,0,12,36,3,14,2,2,3,0,2,192,170,22,4,0,325,12,224,0,8,2,0.013953488372093023,1,2005-05-25 07:42:09,1117006929,10,10,117,234
3343,89,24,670,3,17,0,475,0.7208955223880597,495,52,1,56,27,21,7,2,1,3,0,14,495,52,1,56,27,21,7,2,1,3,0,7,175,162,13,13,0,284,23,198,0,18,23,0.034328358208955224,1,2005-05-25 07:43:09,1117006989,3,9,35,70
3344,67,91,1006,5,20,0,641,0.6530815109343936,685,186,0,59,31,16,10,10,3,2,0,14,685,186,0,59,31,16,10,10,3,2,0,15,327,298,29,23,0,420,18,304,0,22,47,0.017892644135188866,1,2005-05-25 07:44:09,1117007049,5,11,59,118
3345,36,28,836,4,26,0,566,0.4964028776978418,587,176,0,39,8,5,9,4,1,5,0,8,587,176,0,39,8,5,9,4,1,5,0,8,254,241,13,6,2,388,30,244,0,16,34,0.03588516746411483,2,2005-05-25 07:45:09,1117007109,4,8,36,72
3346,47,32,970,8,28,0,794,0.4422680412371134,809,78,0,12,43,2,2,6,3,14,0,11,809,78,0,12,43,2,2,6,3,14,0,0,167,152,15,9,0,316,15,236,0,10,0,0.015463917525773196,2,2005-05-25 07:46:09,1117007169,7,12,12,24
3347,24,90,600,3,17,0,454,0.7716666666666666,468,17,0,50,35,1,2,9,1,1,12,13,468,17,0,50,35,1,2,9,1,1,12,2,110,98,12,34,0,259,9,166,0,12,0,0.015,1,2005-05-25 07:47:09,1117007229,3,13,23,46
3348,119,12,692,6,18,0,494,0.8020231213872833,525,56,0,29,18,8,29,7,1,16,0,11,525,56,0,29,18,8,29,7,1,16,0,18,142,129,13,38,0,321,52,184,0,12,24,0.07514450867052024,2,2005-05-25 07:48:09,1117007289,6,8,40,80
3349,80,105,848,4,17,0,589,0.7547169811320755,630,50,0,90,18,2,40,2,2,10,1,11,630,50,0,90,18,2,40,2,2,10,1,7,243,209,34,9,0,343,64,224,0,20,27,0.07547169811320754,2,2005-05-25 07:49:09,1117007349,4,7,10,20
3350,224,56,1466,6,18,0,1138,0.3956343792633015,1162,175,1,90,11,8,3,0,4,11,0,19,1162,175,1,90,11,8,3,0,4,11,0,3,314,293,21,11,0,353,45,298,0,20,24,0.03069577080491132,2,2005-05-25 07:50:09,1117007409,6,11,111,222
3351,96,54,674,3,18,0,483,0.4762611275964392,495,119,0,27,11,9,3,8,0,2,0,8,495,119,0,27,11,9,3,8,0,2,0,1,167,156,11,23,0,302,62,210,0,14,17,0.09198813056379823,2,2005-05-25 07:51:09,1117007469,3,9,2,4
3352,64,14,548,4,18,0,426,0.3302919708029197,450,58,0,17,17,0,0,5,0,1,0,8,450,58,0,17,17,0,0,5,0,1,0,12,110,98,12,0,0,264,33,148,0,16,16,0.06021897810218978,2,2005-05-25 07:52:09,1117007529,4,10,30,60
3353,45,24,604,4,18,0,463,0.4685430463576159,469,80,0,24,14,2,0,0,15,0,0,7,469,80,0,24,14,2,0,0,15,0,0,0,128,122,6,13,0,279,49,186,0,16,2,0.08112582781456952,2,2005-05-25 07:53:09,1117007589,4,13,42,84
3354,7,39,612,4,18,0,456,0.4934640522875817,472,91,0,17,6,4,6,7,2,6,1,9,472,91,0,17,6,4,6,7,2,6,1,6,126,116,10,24,0,274,36,168,0,10,3,0.05882352941176471,1,2005-05-25 07:54:09,1117007649,4,7,23,46
3355,42,15,554,8,17,0,438,0.4548736462093863,457,21,0,53,5,4,5,4,0,0,5,9,457,21,0,53,5,4,5,4,0,0,5,11,89,81,8,16,0,254,29,176,0,14,1,0.05234657039711192,2,2005-05-25 07:55:09,1117007709,5,7,40,80
3356,12,22,408,5,18,0,355,0.2769607843137255,359,25,0,12,2,3,3,3,0,0,0,13,359,25,0,12,2,3,3,3,0,0,0,0,49,45,4,4,0,193,12,126,0,10,1,0.029411764705882356,2,2005-05-25 07:56:09,1117007769,5,8,8,16
3357,15,5,380,4,11,0,346,0.15789473684210525,353,12,0,2,10,2,0,1,0,0,0,6,353,12,0,2,10,2,0,1,0,0,0,1,33,27,6,0,0,174,10,102,0,6,0,0.02631578947368421,1,2005-05-25 07:57:09,1117007829,4,6,5,10
3358,72,17,928,5,18,0,776,0.22006472491909385,787,111,0,11,11,3,1,1,1,1,0,8,787,111,0,11,11,3,1,1,1,1,0,3,146,138,8,2,1,281,24,194,0,12,42,0.02586206896551724,2,2005-05-25 07:58:09,1117007889,5,7,24,48
3359,126,14,736,8,17,0,510,0.5190217391304348,578,101,0,8,10,2,5,26,2,4,0,8,578,101,0,8,10,2,5,26,2,4,0,19,203,154,49,4,0,336,29,194,0,12,10,0.03940217391304348,1,2005-05-25 07:59:09,1117007949,4,7,7,14
3360,48,13,516,10,18,0,420,0.3507751937984496,428,39,0,32,2,8,4,2,0,1,0,8,428,39,0,32,2,8,4,2,0,1,0,2,88,82,6,6,0,228,51,212,0,16,3,0.09883720930232558,2,2005-05-25 08:00:09,1117008009,6,10,55,110
3361,34,21,552,6,17,0,433,0.3448275862068966,447,66,0,23,5,4,1,0,3,1,0,13,447,66,0,23,5,4,1,0,3,1,0,1,107,94,13,10,1,239,13,198,0,12,1,0.02355072463768116,1,2005-05-25 08:01:09,1117008069,5,8,26,52
3362,59,25,500,6,13,0,395,0.38276553106212413,407,28,0,49,2,12,0,0,0,0,0,11,407,28,0,49,2,12,0,0,0,0,0,0,104,92,12,0,1,219,9,150,0,8,0,0.018000000000000002,1,2005-05-25 08:02:09,1117008129,5,9,19,38
3363,19,18,636,4,18,0,474,0.3081761006289308,502,105,0,15,7,2,2,0,2,1,0,8,502,105,0,15,7,2,2,0,2,1,0,11,110,93,17,41,0,255,3,162,0,12,67,0.0047169811320754715,1,2005-05-25 08:03:09,1117008189,4,10,8,16
3364,25,143,1028,5,17,0,783,0.4056420233463035,818,148,0,23,8,2,1,23,0,4,0,16,818,148,0,23,8,2,1,23,0,4,0,1,184,150,34,60,0,312,33,232,0,10,1,0.032101167315175094,1,2005-05-25 08:04:09,1117008249,5,11,21,42
3365,50,20,536,5,22,0,408,0.4235074626865672,439,27,0,49,6,8,2,0,2,1,1,11,439,27,0,49,6,8,2,0,2,1,1,8,116,93,23,4,0,220,24,184,0,14,2,0.04477611940298507,2,2005-05-25 08:05:09,1117008309,5,9,42,84
3366,54,17,540,16,22,0,425,0.5185185185185185,445,47,7,12,5,16,1,4,1,0,0,12,445,47,7,12,5,16,1,4,1,0,0,12,97,89,8,6,0,258,26,162,0,14,3,0.04814814814814815,2,2005-05-25 08:06:09,1117008369,11,12,46,92
3367,102,32,1060,4,22,0,809,0.4311320754716981,834,158,2,14,24,2,12,5,2,1,4,12,834,158,2,14,24,2,12,5,2,1,4,1,220,196,24,30,0,337,102,314,0,14,6,0.09622641509433964,1,2005-05-25 08:07:09,1117008429,4,10,16,32
3368,110,44,1186,5,21,0,872,0.5177065767284992,895,182,0,44,11,18,5,19,6,0,4,11,895,182,0,44,11,18,5,19,6,0,4,3,305,285,20,6,0,384,108,326,0,6,10,0.0907563025210084,1,2005-05-25 08:08:09,1117008489,5,10,89,178
3369,94,84,760,5,22,0,522,0.5855263157894737,548,56,0,122,17,4,1,11,1,0,0,7,548,56,0,122,17,4,1,11,1,0,0,8,222,204,18,8,0,293,34,204,10,10,18,0.044736842105263165,1,2005-05-25 08:09:09,1117008549,5,9,16,32
3370,25,69,590,4,17,0,423,0.4423728813559322,482,22,0,57,16,1,5,6,0,0,0,12,482,22,0,57,16,1,5,6,0,0,0,11,152,104,48,4,0,285,22,146,12,14,12,0.03728813559322034,1,2005-05-25 08:10:09,1117008609,4,10,26,52
3371,10,12,436,12,18,0,372,0.2889908256880734,377,17,0,32,1,6,2,0,0,1,0,8,377,17,0,32,1,6,2,0,0,1,0,1,35,31,4,28,0,211,12,116,2,4,2,0.027522935779816515,2,2005-05-25 08:11:09,1117008669,5,9,70,140
3372,35,75,1002,5,16,0,640,0.5319361277445109,693,200,0,70,12,11,1,11,1,0,0,12,693,200,0,70,12,11,1,11,1,0,0,32,232,211,21,98,0,463,29,228,0,10,65,0.028942115768463075,1,2005-05-25 08:12:09,1117008729,5,8,9,18
3373,12,43,490,5,17,0,398,0.4469387755102041,407,20,0,31,13,10,3,4,1,0,0,12,407,20,0,31,13,10,3,4,1,0,0,4,83,78,5,5,0,228,26,152,0,10,2,0.053061224489795916,2,2005-05-25 08:13:09,1117008789,5,8,19,38
3374,38,20,828,4,18,0,712,0.2065217391304348,737,34,0,44,5,6,2,0,0,0,0,5,737,34,0,44,5,6,2,0,0,0,0,11,92,78,14,13,0,236,31,224,0,20,7,0.03743961352657005,1,2005-05-25 08:14:09,1117008849,4,9,48,96
3375,40,4,458,4,18,0,388,0.4144736842105263,394,22,0,7,6,0,27,0,0,0,0,5,394,22,0,7,6,0,27,0,0,0,0,1,38,33,5,29,2,209,19,122,0,10,0,0.04148471615720524,2,2005-05-25 08:15:09,1117008909,4,7,38,76
3376,12,93,786,5,17,0,664,0.37150127226463103,674,13,0,73,8,1,2,12,1,2,0,8,674,13,0,73,8,1,2,12,1,2,0,2,114,106,8,6,0,253,10,188,0,8,3,0.012722646310432571,1,2005-05-25 08:16:09,1117008969,5,7,16,32
3377,63,62,718,4,14,0,497,0.49651324965132504,519,125,0,9,58,1,1,3,0,0,0,12,519,125,0,9,58,1,1,3,0,0,0,8,155,141,14,57,1,289,6,168,0,14,3,0.008356545961002786,1,2005-05-25 08:17:09,1117009029,4,8,12,24
3378,46,12,6066,4,18,0,5839,0.03824596109462578,5946,69,0,10,30,3,7,1,0,0,0,6,5946,69,0,10,30,3,7,1,0,0,0,10,213,116,97,4,0,2868,43,796,2,30,0,0.007088691064952192,1,2005-05-25 08:18:09,1117009089,4,9,15,30
3379,5,67,570,5,17,0,453,0.44815465729349735,461,34,0,38,29,1,2,2,0,0,0,16,461,34,0,38,29,1,2,2,0,0,0,1,98,91,7,17,1,243,9,140,0,16,3,0.015789473684210527,2,2005-05-25 08:19:09,1117009149,5,9,1,2
3380,5,42,432,5,17,0,366,0.3587962962962963,375,6,0,18,29,2,0,1,0,0,0,12,375,6,0,18,29,2,0,1,0,0,0,1,63,55,8,2,0,209,10,102,0,10,3,0.023148148148148147,2,2005-05-25 08:20:09,1117009209,3,7,1,2
3381,31,46,922,8,17,0,746,0.31778741865509763,808,53,2,21,4,4,30,0,0,0,0,10,808,53,2,21,4,4,30,0,0,0,0,10,136,84,52,30,0,294,11,222,0,26,6,0.01193058568329718,2,2005-05-25 08:21:09,1117009269,5,8,15,30
3382,12,10,4534,3,18,0,3271,0.013233348037053377,4506,11,0,6,9,0,2,0,0,0,0,5,4506,11,0,6,9,0,2,0,0,0,0,13,1248,26,1222,2,0,2257,20,324,0,18,0,0.004411116012351125,1,2005-05-25 08:22:09,1117009329,3,7,15,30
3383,9,11,460,8,17,0,396,0.15,416,27,0,11,5,0,1,0,0,0,0,5,416,27,0,11,5,0,1,0,0,0,0,15,45,40,5,4,0,197,0,108,0,10,0,0.0,0,2005-05-25 08:23:09,1117009389,7,7,6,12
3384,11,9,366,4,14,0,333,0.16120218579234974,342,2,0,16,2,3,0,0,1,0,0,7,342,2,0,16,2,3,0,0,1,0,0,4,28,23,5,1,0,179,4,96,0,6,0,0.01092896174863388,2,2005-05-25 08:24:09,1117009449,4,10,21,42
3385,15,7,608,4,17,0,562,0.13651315789473684,573,15,0,13,3,1,1,0,0,0,0,13,573,15,0,13,3,1,1,0,0,0,0,1,39,29,10,6,0,189,17,138,0,12,1,0.027960526315789474,1,2005-05-25 08:25:09,1117009509,4,9,21,42
3386,13,15,676,9,18,0,617,0.11555555555555555,639,19,0,9,1,1,3,2,1,0,0,7,639,19,0,9,1,1,3,2,1,0,0,11,40,29,11,7,1,199,8,170,0,6,1,0.01183431952662722,1,2005-05-25 08:26:09,1117009569,6,9,5,10
3387,12,15,440,3,18,0,357,0.17954545454545456,400,17,0,15,4,1,2,1,0,0,0,6,400,17,0,15,4,1,2,1,0,0,0,1,72,30,42,10,0,211,2,118,0,12,1,0.004545454545454545,1,2005-05-25 08:27:09,1117009629,3,8,3,6
3388,2,8,366,4,17,0,338,0.1174863387978142,343,12,0,7,2,1,0,0,1,0,0,7,343,12,0,7,2,1,0,0,1,0,0,1,25,21,4,2,0,177,7,96,0,6,0,0.01912568306010929,2,2005-05-25 08:28:09,1117009689,4,8,13,26
3389,14,21,472,6,12,0,400,0.2245762711864407,417,33,0,7,11,0,0,2,2,0,0,7,417,33,0,7,11,0,0,2,2,0,0,10,44,37,7,18,0,211,13,128,0,20,2,0.02754237288135593,2,2005-05-25 08:29:09,1117009749,6,7,5,10
3390,9,6,650,3,18,0,607,0.07704160246533127,619,17,0,8,3,2,0,0,0,0,0,4,619,17,0,8,3,2,0,0,0,0,0,3,38,29,9,1,1,176,4,164,0,14,2,0.006153846153846154,1,2005-05-25 08:30:09,1117009809,3,8,12,24
3391,50,9,472,3,20,0,391,0.4724576271186441,403,15,0,30,5,4,0,0,12,0,1,12,403,15,0,30,5,4,0,0,12,0,1,8,69,65,4,4,0,217,20,136,0,12,3,0.0423728813559322,2,2005-05-25 08:31:09,1117009869,3,9,7,14
3392,16,28,444,5,17,0,373,0.2905405405405405,379,26,0,31,4,2,0,1,0,0,0,15,379,26,0,31,4,2,0,1,0,0,0,1,61,56,5,9,0,214,17,130,0,12,4,0.038288288288288286,2,2005-05-25 08:32:09,1117009929,5,7,16,32
3393,26,12,456,4,18,0,387,0.2807017543859649,403,26,0,9,7,3,2,2,3,1,0,8,403,26,0,9,7,3,2,2,3,1,0,12,51,47,4,6,0,208,10,128,0,18,11,0.02192982456140351,2,2005-05-25 08:33:09,1117009989,4,8,8,16
3394,9,9,376,3,17,0,337,0.14361702127659576,343,21,0,7,4,0,0,0,1,0,0,7,343,21,0,7,4,0,0,0,1,0,0,0,37,31,6,2,0,178,9,112,0,14,2,0.02393617021276596,2,2005-05-25 08:34:09,1117010049,3,8,6,12
3395,57,12,722,6,18,0,641,0.14681440443213298,648,50,0,19,2,3,0,0,0,0,0,4,648,50,0,19,2,3,0,0,0,0,0,1,78,72,6,2,0,221,11,136,0,12,0,0.015235457063711913,2,2005-05-25 08:35:09,1117010109,6,8,9,18
3396,58,6,486,3,17,0,400,0.308641975308642,412,13,0,46,15,0,0,0,0,0,0,3,412,13,0,46,15,0,0,0,0,0,0,0,83,71,12,3,0,236,14,112,0,6,0,0.02880658436213992,1,2005-05-25 08:36:09,1117010169,3,7,63,126
3397,33,32,536,11,18,0,428,0.3451492537313433,446,46,0,29,5,0,4,0,2,4,0,8,446,46,0,29,5,0,4,0,2,4,0,12,77,71,6,19,0,241,27,162,0,10,12,0.050373134328358216,2,2005-05-25 08:37:09,1117010229,9,9,21,42
3398,82,25,578,5,17,0,459,0.4775086505190311,464,52,0,26,7,0,27,0,1,0,1,9,464,52,0,26,7,0,27,0,1,0,1,1,115,111,4,3,0,246,10,138,2,12,1,0.017301038062283742,2,2005-05-25 08:38:09,1117010289,3,11,8,16
3399,25,19,950,5,18,0,729,0.2905263157894737,847,48,0,21,6,6,11,1,1,8,0,12,847,48,0,21,6,6,11,1,1,8,0,0,219,101,118,2,0,276,4,220,0,14,1,0.0042105263157894745,1,2005-05-25 08:39:09,1117010349,5,8,29,58
3400,62,9,548,5,17,0,413,0.5474452554744526,442,41,0,19,5,7,27,6,1,0,0,7,442,41,0,19,5,7,27,6,1,0,0,12,121,104,17,2,0,247,22,124,0,10,0,0.040145985401459854,2,2005-05-25 08:40:09,1117010409,5,8,21,42
3401,571,64,2012,6,17,0,1059,0.6963220675944334,1326,354,0,150,99,37,2,31,8,3,0,14,1326,354,0,150,99,37,2,31,8,3,0,8,927,668,259,18,0,959,442,666,0,26,49,0.21968190854870773,2,2005-05-25 08:41:09,1117010469,6,8,8,16
3402,312,8,1002,8,17,0,631,0.41058941058941056,664,292,0,32,7,4,0,0,0,0,2,9,664,292,0,32,7,4,0,0,0,0,2,2,364,333,31,4,1,493,120,336,0,8,0,0.11976047904191615,3,2005-05-25 08:42:09,1117010529,8,9,291,582
3403,36,29,490,4,17,0,397,0.5040816326530613,406,18,1,34,8,14,1,2,3,0,0,11,406,18,1,34,8,14,1,2,3,0,0,2,81,74,7,10,0,235,18,168,0,10,5,0.036734693877551024,3,2005-05-25 08:43:09,1117010589,4,12,17,34
3404,25,19,766,6,16,0,687,0.20626631853785898,708,17,1,26,1,2,7,1,2,0,0,13,708,17,1,26,1,2,7,1,2,0,0,13,61,53,8,5,0,228,14,186,0,6,1,0.01827676240208877,1,2005-05-25 08:44:09,1117010649,6,11,20,40
3405,24,23,544,4,23,0,451,0.5202205882352942,463,33,0,19,6,1,2,6,5,3,2,20,463,33,0,19,6,1,2,6,5,3,2,2,82,72,10,9,0,231,12,162,0,14,0,0.02205882352941177,2,2005-05-25 08:45:09,1117010709,4,9,21,42
3406,24,12,418,12,19,0,362,0.2685851318944844,371,31,0,0,2,4,0,5,3,1,0,8,371,31,0,0,2,4,0,5,3,1,0,1,54,46,8,0,1,204,3,104,0,10,1,0.0071770334928229675,1,2005-05-25 08:46:09,1117010769,6,7,33,66
3407,5,9,374,4,17,0,341,0.1176470588235294,349,16,0,3,4,1,0,1,0,0,0,6,349,16,0,3,4,1,0,1,0,0,0,2,22,16,6,9,0,182,4,96,0,12,2,0.0106951871657754,1,2005-05-25 08:47:09,1117010829,4,6,11,22
3408,11,15,424,4,11,0,375,0.15566037735849056,392,19,0,5,4,0,0,3,1,0,0,7,392,19,0,5,4,0,0,3,1,0,0,12,22,17,5,15,0,190,0,120,0,2,1,0.0,0,2005-05-25 08:48:09,1117010889,4,6,15,30
3409,13,17,1176,4,11,0,694,0.4022108843537415,789,353,0,15,7,4,0,4,3,1,0,8,789,353,0,15,7,4,0,4,3,1,0,8,468,381,87,6,0,570,16,474,0,12,2,0.013605442176870748,1,2005-05-25 08:49:09,1117010949,4,6,3,6
3410,13,27,1052,5,19,0,605,0.4015223596574691,723,288,0,24,7,0,3,1,3,1,0,15,723,288,0,24,7,0,3,1,3,1,0,3,427,312,115,16,1,505,18,330,0,10,8,0.017110266159695818,2,2005-05-25 08:50:09,1117011009,5,8,5,10
3411,149,22,1784,7,17,0,1317,0.4893497757847534,1344,298,0,66,14,9,0,13,39,0,0,14,1344,298,0,66,14,9,0,13,39,0,0,13,450,436,14,4,0,552,25,418,0,14,0,0.014013452914798209,2,2005-05-25 08:51:09,1117011069,6,9,39,78
3412,9,19,498,5,18,0,401,0.19750519750519752,408,55,0,16,1,0,1,0,0,0,0,5,408,55,0,16,1,0,1,0,0,0,0,0,76,69,7,4,17,222,9,108,0,10,0,0.018072289156626502,2,2005-05-25 08:52:09,1117011129,3,8,5,10
3413,88,66,732,4,17,0,524,0.8057455540355677,529,66,0,40,4,55,16,16,5,0,0,7,529,66,0,40,4,55,16,16,5,0,0,0,199,194,5,8,1,321,36,156,0,10,0,0.049180327868852465,3,2005-05-25 08:53:09,1117011189,4,7,5,10
3414,33,72,618,3,11,0,461,0.8818770226537217,466,60,0,17,5,1,25,1,43,0,0,7,466,60,0,17,5,1,25,1,43,0,0,1,130,126,4,26,0,278,5,140,0,16,10,0.008090614886731391,1,2005-05-25 08:54:09,1117011249,3,8,34,68
3415,654,137,2174,5,18,0,1303,0.9512419503219872,1352,22,1,635,30,57,34,34,5,2,1,14,1352,22,1,635,30,57,34,34,5,2,1,0,848,799,49,23,0,966,420,856,0,16,46,0.19319227230910765,2,2005-05-25 08:55:09,1117011309,5,8,23,46
3416,23,43,570,5,17,0,427,0.5140350877192983,446,60,0,18,17,13,8,2,6,0,0,7,446,60,0,18,17,13,8,2,6,0,0,10,104,95,9,29,0,244,23,156,0,10,1,0.040350877192982464,1,2005-05-25 08:56:09,1117011369,5,8,17,34
3417,6,67,842,4,18,0,725,0.22446555819477435,738,36,0,61,4,1,0,1,0,0,1,9,738,36,0,61,4,1,0,1,0,0,1,0,57,44,13,60,0,257,10,168,0,16,2,0.011876484560570073,1,2005-05-25 08:57:09,1117011429,4,7,11,22
3418,21,26,432,4,12,0,361,0.6867749419953596,375,11,0,4,0,1,17,2,1,11,9,9,375,11,0,4,0,1,17,2,1,11,9,5,36,27,9,29,1,200,5,112,0,8,4,0.011574074074074072,1,2005-05-25 08:58:09,1117011489,4,7,28,56
3419,34,7,420,3,18,0,346,0.3547619047619048,369,18,2,11,5,1,14,0,0,0,0,10,369,18,2,11,5,1,14,0,0,0,0,13,39,30,9,22,0,197,3,114,0,12,1,0.0071428571428571435,1,2005-05-25 08:59:09,1117011549,3,10,23,46
3420,8,41,528,5,17,0,430,0.4545454545454545,442,34,0,25,2,1,15,0,1,8,0,8,442,34,0,25,2,1,15,0,1,8,0,0,87,76,11,11,0,221,2,110,0,14,9,0.0037878787878787884,1,2005-05-25 09:00:09,1117011609,4,8,11,22
3421,25,6,412,4,13,0,351,0.26034063260340634,370,17,0,9,8,0,0,2,4,1,0,8,370,17,0,9,8,0,0,2,4,1,0,9,50,40,10,1,1,191,4,106,0,12,0,0.009708737864077669,1,2005-05-25 09:01:09,1117011669,4,8,7,14
3422,6,16,376,5,17,0,343,0.15425531914893614,351,9,1,11,2,1,0,0,1,0,0,10,351,9,1,11,2,1,0,0,1,0,0,3,27,22,5,3,0,178,2,100,0,10,0,0.0053191489361702135,1,2005-05-25 09:02:09,1117011729,5,6,17,34
3423,16,11,444,4,18,0,371,0.2747747747747748,394,13,0,24,4,2,4,1,1,1,0,8,394,13,0,24,4,2,4,1,1,1,0,10,51,38,13,12,0,197,16,128,0,16,2,0.036036036036036036,1,2005-05-25 09:03:09,1117011789,4,8,0,0
3424,99,54,952,7,17,0,615,0.7815126050420168,645,154,0,49,35,24,26,2,7,3,3,13,645,154,0,49,35,24,26,2,7,3,3,3,288,261,27,46,0,424,21,248,0,18,14,0.02205882352941177,1,2005-05-25 09:04:09,1117011849,6,10,19,38
3425,18,54,730,3,18,0,529,0.5383561643835616,552,105,2,37,4,1,4,24,0,0,0,14,552,105,2,37,4,1,4,24,0,0,0,1,195,173,22,5,0,331,17,146,0,14,9,0.023287671232876717,1,2005-05-25 09:05:09,1117011909,3,8,42,84
3426,4,8,364,7,11,0,330,0.10989010989010987,348,5,0,6,3,0,0,0,2,0,0,7,348,5,0,6,3,0,0,0,2,0,0,14,16,12,4,4,0,176,0,94,0,4,1,0.0,0,2005-05-25 09:06:09,1117011969,5,7,19,38
3427,13,6,396,3,18,0,355,0.2323232323232323,368,11,1,8,0,3,0,0,0,4,0,11,368,11,1,8,0,3,0,0,0,4,0,9,26,22,4,6,0,179,3,102,0,16,0,0.007575757575757577,1,2005-05-25 09:07:09,1117012029,3,7,4,8
3428,1,13,644,3,17,0,609,0.10248447204968944,620,6,0,7,5,5,0,0,0,0,0,11,620,6,0,7,5,5,0,0,0,0,0,2,26,17,9,7,0,171,6,140,0,10,0,0.009316770186335404,1,2005-05-25 09:08:09,1117012089,3,7,9,18
3429,13,4,4518,4,11,0,3255,0.012837538733953076,4485,20,0,4,6,3,0,0,0,0,0,4,4485,20,0,4,6,3,0,0,0,0,0,8,1252,30,1222,3,0,2242,19,308,0,22,1,0.0042054006197432495,1,2005-05-25 09:09:09,1117012149,4,8,13,26
3430,16,3,404,4,18,0,364,0.1608910891089109,379,11,0,4,5,0,2,2,0,0,1,9,379,11,0,4,5,0,2,2,0,0,1,10,29,24,5,1,0,191,2,104,0,8,0,0.0049504950495049506,1,2005-05-25 09:10:09,1117012209,4,9,8,16
3431,40,10,472,4,22,0,397,0.2966101694915254,403,47,0,9,3,1,3,2,0,1,3,9,403,47,0,9,3,1,3,2,0,1,3,0,68,62,6,7,0,211,6,130,0,10,0,0.012711864406779662,1,2005-05-25 09:11:09,1117012269,4,10,11,22
3432,17,47,802,10,22,0,704,0.256857855361596,717,20,0,39,19,1,1,2,0,1,0,11,717,20,0,39,19,1,1,2,0,1,0,3,77,67,10,18,0,220,5,220,0,12,0,0.006234413965087282,1,2005-05-25 09:12:09,1117012329,4,7,31,62
3433,11,20,426,5,26,0,364,0.2112676056338028,376,32,0,10,2,3,0,2,0,1,0,8,376,32,0,10,2,3,0,2,0,1,0,7,44,39,5,11,0,197,5,114,0,10,0,0.011737089201877934,1,2005-05-25 09:13:09,1117012389,5,11,3,6
3434,12,3,382,3,18,0,339,0.15706806282722513,353,18,0,5,3,1,0,0,0,1,0,11,353,18,0,5,3,1,0,0,0,1,0,10,30,26,4,3,0,180,4,108,0,8,0,0.010471204188481676,1,2005-05-25 09:14:09,1117012449,3,6,14,28
3435,11,13,404,4,17,0,363,0.2475247524752475,374,10,1,7,6,2,1,0,0,0,0,12,374,10,1,7,6,2,1,0,0,0,0,7,27,23,4,7,0,184,0,100,0,12,2,0.0,0,2005-05-25 09:15:09,1117012509,4,7,8,16
3436,15,15,380,4,18,0,334,0.24210526315789474,339,16,0,20,2,1,0,0,0,0,0,15,339,16,0,20,2,1,0,0,0,0,0,0,44,39,5,2,0,179,2,108,0,8,0,0.005263157894736842,1,2005-05-25 09:16:09,1117012569,4,7,26,52
3437,16,5,424,13,13,0,355,0.2240566037735849,371,31,0,19,0,1,0,0,0,0,0,11,371,31,0,19,0,1,0,0,0,0,0,13,55,52,3,1,0,189,5,116,0,12,0,0.01179245283018868,1,2005-05-25 09:17:09,1117012629,4,7,8,16
3438,12,11,404,5,17,0,347,0.2729528535980149,362,19,0,10,2,4,0,1,1,0,4,9,362,19,0,10,2,4,0,1,1,0,4,11,42,38,4,3,1,189,8,112,0,12,1,0.0198019801980198,1,2005-05-25 09:18:09,1117012689,5,8,10,20
3439,9,12,388,5,18,0,345,0.20103092783505155,355,12,0,8,5,5,3,0,0,0,0,5,355,12,0,8,5,5,3,0,0,0,0,4,28,23,5,11,0,184,20,102,0,10,0,0.05154639175257732,2,2005-05-25 09:19:09,1117012749,5,7,16,32
3440,19,40,828,4,17,0,719,0.16464891041162227,747,46,0,19,8,5,0,0,0,1,0,8,747,46,0,19,8,5,0,0,0,1,0,1,85,58,27,21,2,218,11,208,0,16,3,0.013285024154589372,1,2005-05-25 09:20:09,1117012809,4,9,24,48
3441,21,11,464,4,17,0,377,0.2786177105831533,403,29,0,22,2,1,1,2,0,0,2,11,403,29,0,22,2,1,1,2,0,0,2,18,61,53,8,7,1,208,22,112,0,14,1,0.047413793103448267,1,2005-05-25 09:21:09,1117012869,4,7,16,32
3442,79,24,620,8,18,0,453,0.6322580645161291,461,73,2,20,12,44,1,7,0,0,0,10,461,73,2,20,12,44,1,7,0,0,0,2,141,135,6,24,0,286,7,148,0,14,5,0.011290322580645159,1,2005-05-25 09:22:09,1117012929,6,8,28,56
3443,23,94,856,5,16,0,583,0.7102803738317757,605,95,0,53,30,55,11,7,0,0,0,6,605,95,0,53,30,55,11,7,0,0,0,10,242,230,12,21,0,348,2,204,0,18,18,0.002336448598130841,1,2005-05-25 09:23:09,1117012989,5,8,5,10
3444,92,12,660,8,17,0,482,0.7678300455235205,490,24,0,51,4,84,4,2,0,0,0,6,490,24,0,51,4,84,4,2,0,0,0,2,164,158,6,11,1,321,2,142,0,8,9,0.0030303030303030303,1,2005-05-25 09:24:09,1117013049,6,8,21,42
3445,19,103,1032,5,18,0,686,0.8885658914728682,718,94,1,105,9,3,79,8,8,5,0,13,718,94,1,105,9,3,79,8,8,5,0,19,300,287,13,27,0,378,12,286,0,16,12,0.011627906976744186,1,2005-05-25 09:25:09,1117013109,5,9,31,62
3446,15,5,370,3,17,0,331,0.2918918918918919,337,11,0,10,3,1,1,2,0,4,0,15,337,11,0,10,3,1,1,2,0,4,0,2,34,30,4,3,0,175,4,112,0,8,0,0.010810810810810813,2,2005-05-25 09:26:09,1117013169,3,9,12,24
3447,5,9,386,4,18,0,349,0.16321243523316062,364,4,0,11,5,0,0,1,0,0,0,16,364,4,0,11,5,0,0,1,0,0,0,7,25,17,8,5,0,173,3,88,0,8,0,0.007772020725388602,1,2005-05-25 09:27:09,1117013229,4,8,8,16
3448,11,40,760,4,17,0,660,0.3381578947368421,670,46,0,5,4,1,29,0,0,5,0,8,670,46,0,5,4,1,29,0,0,5,0,2,87,79,8,11,0,212,0,146,0,8,0,0.0,0,2005-05-25 09:28:09,1117013289,4,7,15,30
3449,12,13,434,4,18,0,376,0.23271889400921655,392,18,0,7,4,10,2,0,1,0,0,7,392,18,0,7,4,10,2,0,1,0,0,12,43,39,4,3,0,205,0,98,0,10,0,0.0,0,2005-05-25 09:29:09,1117013349,4,10,4,8
3450,9,18,422,4,17,0,363,0.2654028436018957,367,25,0,13,13,2,0,1,0,1,0,8,367,25,0,13,13,2,0,1,0,1,0,0,41,37,4,18,0,187,10,114,0,16,13,0.02369668246445497,1,2005-05-25 09:30:09,1117013409,4,6,11,22
3451,20,5,432,4,18,0,377,0.20601851851851846,384,13,0,29,6,0,0,0,0,0,0,3,384,13,0,29,6,0,0,0,0,0,0,3,35,31,4,17,0,197,13,116,0,10,2,0.030092592592592587,2,2005-05-25 09:31:09,1117013469,4,6,2,4
3452,4,34,416,4,18,0,365,0.34134615384615385,370,13,0,7,16,0,1,5,2,0,2,9,370,13,0,7,16,0,1,5,2,0,2,1,43,39,4,7,0,202,11,144,0,12,0,0.02631578947368421,2,2005-05-25 09:32:09,1117013529,4,8,15,30
3453,51,25,840,4,22,0,722,0.2773809523809524,747,51,0,20,5,3,0,2,0,10,0,12,747,51,0,20,5,3,0,2,0,10,0,13,84,72,12,21,0,242,19,194,0,22,7,0.02261904761904762,2,2005-05-25 09:33:09,1117013589,4,10,6,12
3454,24,22,874,7,17,0,519,0.4336384439359268,590,251,0,7,14,4,4,0,1,2,0,13,590,251,0,7,14,4,4,0,1,2,0,1,344,274,70,10,0,421,28,168,0,10,6,0.032036613272311214,2,2005-05-25 09:34:09,1117013649,7,8,13,26
3455,16,22,466,4,11,0,379,0.34763948497854075,397,36,0,12,4,10,2,1,1,2,0,11,397,36,0,12,4,10,2,1,1,2,0,7,62,51,11,18,0,206,18,140,0,10,0,0.03862660944206009,2,2005-05-25 09:35:09,1117013709,4,7,50,100
3456,15,13,444,4,18,0,368,0.24099099099099103,390,26,0,17,8,0,1,0,0,0,2,9,390,26,0,17,8,0,1,0,0,0,2,11,56,45,11,9,0,215,11,120,0,12,1,0.02477477477477477,1,2005-05-25 09:36:09,1117013769,4,9,13,26
3457,16,19,438,4,17,0,379,0.2442922374429224,389,24,0,2,18,0,5,0,0,0,0,5,389,24,0,2,18,0,5,0,0,0,0,5,49,44,5,5,0,202,8,114,0,12,1,0.0182648401826484,2,2005-05-25 09:37:09,1117013829,4,7,4,8
3458,16,8,396,8,18,0,349,0.2297979797979798,355,16,0,11,5,7,2,0,0,0,0,5,355,16,0,11,5,7,2,0,0,0,0,1,42,37,5,4,0,188,6,114,0,6,0,0.015151515151515154,1,2005-05-25 09:38:09,1117013889,7,7,3,6
3459,84,28,872,8,17,0,733,0.3291284403669725,749,41,0,48,18,5,1,7,0,1,1,12,749,41,0,48,18,5,1,7,0,1,1,2,135,121,14,2,0,265,12,260,0,14,2,0.013761467889908258,1,2005-05-25 09:39:09,1117013949,8,9,51,102
3460,102,60,698,7,14,0,477,0.8723098995695839,501,42,0,56,21,53,10,5,6,0,0,23,501,42,0,56,21,53,10,5,6,0,0,11,170,157,13,39,1,321,18,228,0,6,3,0.025787965616045846,1,2005-05-25 09:40:09,1117014009,7,10,11,22
3461,138,87,1150,8,17,0,701,0.9930374238468234,747,182,0,8,6,131,62,3,8,1,1,9,747,182,0,8,6,131,62,3,8,1,1,11,317,282,35,120,1,451,30,358,0,14,13,0.026086956521739132,1,2005-05-25 09:41:09,1117014069,7,8,8,16
3462,74,483,1464,6,16,0,845,1.7218045112781954,881,9,5,61,118,252,24,58,15,9,9,14,881,9,5,61,118,252,24,58,15,9,9,2,542,508,34,74,1,727,133,494,0,24,43,0.09084699453551913,1,2005-05-25 09:42:09,1117014129,4,7,4,8
3463,55,33,578,4,17,0,458,0.643598615916955,472,20,0,11,4,43,24,2,2,0,0,7,472,20,0,11,4,43,24,2,2,0,0,5,110,101,9,5,0,247,16,162,0,14,4,0.02768166089965398,2,2005-05-25 09:43:09,1117014189,4,7,39,78
3464,11,65,514,5,11,0,407,0.4961089494163424,429,11,1,44,4,11,1,11,1,0,0,12,429,11,1,44,4,11,1,11,1,0,0,14,51,43,8,42,0,249,33,146,0,16,12,0.06420233463035019,2,2005-05-25 09:44:09,1117014249,5,8,3,6
3465,12,4,372,10,17,0,339,0.1586021505376344,349,11,0,3,3,3,0,0,3,0,0,7,349,11,0,3,3,3,0,0,3,0,0,5,24,19,5,4,0,181,6,92,0,8,0,0.016129032258064516,1,2005-05-25 09:45:09,1117014309,6,6,6,12
3466,51,20,718,6,17,0,631,0.266016713091922,641,48,1,10,3,5,4,0,0,2,0,12,641,48,1,10,3,5,4,0,0,2,0,2,78,70,8,7,0,233,9,168,0,10,1,0.012534818941504178,1,2005-05-25 09:46:09,1117014369,6,7,13,26
3467,61,91,720,3,18,0,537,0.9958333333333332,546,12,2,19,65,48,2,3,2,3,12,16,546,12,2,19,65,48,2,3,2,3,12,1,170,162,8,12,0,325,19,216,0,20,2,0.026388888888888892,1,2005-05-25 09:47:09,1117014429,3,8,46,92
3468,40,241,1112,13,17,0,700,0.89568345323741,738,50,14,236,27,23,10,5,3,2,2,13,738,50,14,236,27,23,10,5,3,2,2,14,346,322,24,52,0,513,63,358,0,14,4,0.056654676258992814,1,2005-05-25 09:48:09,1117014489,6,8,5,10
3469,38,125,736,8,13,0,529,0.6222826086956522,545,21,0,127,19,10,4,8,1,0,0,11,545,21,0,127,19,10,4,8,1,0,0,5,184,173,11,18,0,344,39,246,0,24,20,0.052989130434782615,1,2005-05-25 09:49:09,1117014549,5,7,8,16
3470,29,31,554,4,17,0,441,0.4755877034358047,458,30,1,33,6,0,16,7,0,1,1,10,458,30,1,33,6,0,16,7,0,1,1,9,89,81,8,14,1,223,4,160,0,22,25,0.007220216606498195,1,2005-05-25 09:50:09,1117014609,4,7,16,32
3471,6,15,676,5,13,0,617,0.15407407407407409,636,12,1,17,3,0,2,2,0,1,1,10,636,12,1,17,3,0,2,2,0,1,1,11,38,30,8,9,1,197,1,172,2,6,1,0.0014792899408284025,1,2005-05-25 09:51:09,1117014669,5,7,3,6
3472,10,9,394,4,17,0,357,0.1802030456852792,366,8,1,12,4,0,1,2,0,0,0,10,366,8,1,12,4,0,1,2,0,0,0,3,32,26,6,2,0,187,2,112,2,12,4,0.005076142131979695,1,2005-05-25 09:52:09,1117014729,4,6,6,12
3473,7,18,388,4,11,0,345,0.19845360824742267,355,10,0,15,2,1,3,2,0,0,0,6,355,10,0,15,2,1,3,2,0,0,0,4,30,24,6,9,0,186,7,112,0,6,1,0.01804123711340206,1,2005-05-25 09:53:09,1117014789,4,8,15,30
3474,20,14,540,5,17,0,415,0.3351851851851852,432,84,3,12,1,3,4,0,0,1,0,10,432,84,3,12,1,3,4,0,0,1,0,5,85,73,12,35,0,231,12,150,0,6,0,0.022222222222222227,1,2005-05-25 09:54:09,1117014849,5,7,16,32
3475,38,19,566,3,17,0,451,0.5459363957597173,476,33,1,7,6,6,21,14,0,1,0,13,476,33,1,7,6,6,21,14,0,1,0,13,91,79,12,11,0,260,8,154,0,14,21,0.01413427561837456,1,2005-05-25 09:55:09,1117014909,3,12,15,30
3476,11,28,156,5,17,0,102,1.2692307692307692,108,10,0,6,6,5,1,12,4,3,1,9,108,10,0,6,6,5,1,12,4,3,1,4,44,42,2,6,0,53,4,80,0,14,2,0.02564102564102564,1,2005-05-25 09:56:09,1117014969,4,7,3,6
3477,7,27,472,3,12,0,411,0.2351694915254237,417,22,0,12,19,2,0,0,0,0,0,4,417,22,0,12,19,2,0,0,0,0,0,1,49,44,5,11,0,212,8,120,0,12,0,0.01694915254237288,1,2005-05-25 09:57:09,1117015029,3,7,7,14
3478,21,18,444,6,11,0,383,0.2905405405405405,395,8,0,17,13,7,4,0,0,0,0,5,395,8,0,17,13,7,4,0,0,0,0,2,55,45,10,4,0,207,15,142,0,10,8,0.03378378378378378,1,2005-05-25 09:58:09,1117015089,6,7,17,34
3479,43,222,1332,3,17,0,820,0.5048835462058603,1010,64,0,207,27,5,17,0,0,1,0,8,1010,64,0,207,27,5,17,0,0,1,0,19,478,307,171,14,1,454,37,298,0,22,14,0.027777777777777776,2,2005-05-25 09:59:09,1117015149,3,7,36,72
3480,32,45,898,4,15,0,443,0.5228539576365663,612,223,0,7,5,41,3,4,2,0,0,7,612,223,0,7,5,41,3,4,2,0,0,1,411,243,168,42,1,440,5,190,0,4,6,0.005567928730512249,1,2005-05-25 10:00:09,1117015209,4,8,40,80
3481,62,65,690,5,17,0,508,0.5428156748911466,528,79,0,20,41,3,3,12,0,1,0,14,528,79,0,20,41,3,3,12,0,1,0,12,127,119,8,42,1,308,1,212,0,10,4,0.0014492753623188404,1,2005-05-25 10:01:09,1117015269,5,9,19,38
3482,37,19,534,7,11,0,427,0.3389513108614232,447,49,0,22,7,3,3,0,1,0,0,17,447,49,0,22,7,3,3,0,1,0,0,13,85,79,6,9,0,243,17,178,0,10,6,0.031835205992509365,2,2005-05-25 10:02:09,1117015329,5,9,25,50
3483,9,32,422,7,17,0,360,0.3104265402843602,366,14,0,20,16,4,0,1,1,0,0,7,366,14,0,20,16,4,0,1,1,0,0,2,46,42,4,14,0,200,23,124,0,12,6,0.05450236966824645,2,2005-05-25 10:03:09,1117015389,7,10,7,14
3484,23,34,484,3,17,0,396,0.515527950310559,408,23,0,19,10,4,2,6,6,0,2,13,408,23,0,19,10,4,2,6,6,0,2,5,72,65,7,10,1,222,24,166,0,12,3,0.04958677685950413,2,2005-05-25 10:04:09,1117015449,3,10,8,16
3485,36,13,762,6,17,0,676,0.2746386333771353,690,20,0,20,9,11,2,0,7,1,0,11,690,20,0,20,9,11,2,0,7,1,0,3,74,63,11,8,1,213,0,176,0,18,11,0.0,0,2005-05-25 10:05:09,1117015509,6,10,23,46
3486,29,16,542,10,21,0,437,0.6531365313653137,460,30,0,12,8,2,7,3,0,5,4,19,460,30,0,12,8,2,7,3,0,5,4,18,53,48,5,34,0,239,44,166,0,22,7,0.08118081180811808,2,2005-05-25 10:06:09,1117015569,6,9,8,16
3487,16,36,458,3,17,0,384,0.7467248908296943,391,14,0,20,9,3,0,0,0,0,1,12,391,14,0,20,9,3,0,0,0,0,1,1,57,51,6,16,0,211,13,132,0,10,2,0.02838427947598253,2,2005-05-25 10:07:09,1117015629,3,9,1,2
3488,13,19,436,7,18,0,365,0.3555045871559633,380,30,0,6,8,4,2,1,0,1,0,13,380,30,0,6,8,4,2,1,0,1,0,1,55,41,14,15,0,210,3,118,0,8,1,0.006880733944954129,1,2005-05-25 10:08:09,1117015689,5,8,16,32
3489,19,11,728,5,17,0,636,0.2431318681318681,660,32,0,17,2,4,8,0,1,0,1,11,660,32,0,17,2,4,8,0,1,0,1,9,69,54,15,14,0,211,33,180,0,16,1,0.04532967032967033,1,2005-05-25 10:09:09,1117015749,4,8,13,26
3490,193,58,1076,6,21,0,506,0.4814126394052045,699,303,1,51,11,0,7,0,2,1,0,13,699,303,1,51,11,0,7,0,2,1,0,12,515,334,181,43,0,465,20,238,0,16,14,0.01858736059479554,2,2005-05-25 10:10:09,1117015809,6,9,11,22
3491,17,14,530,3,17,0,415,0.36981132075471695,435,56,0,16,12,2,1,0,6,1,1,9,435,56,0,16,12,2,1,0,6,1,1,11,99,90,9,5,0,245,12,156,0,18,9,0.022641509433962263,1,2005-05-25 10:11:09,1117015869,3,7,5,10
3492,8,7,384,4,11,0,345,0.1953125,351,12,0,11,4,5,0,0,0,0,1,9,351,12,0,11,4,5,0,0,0,0,1,1,36,31,5,2,0,186,0,106,0,10,1,0.0,0,2005-05-25 10:12:09,1117015929,4,8,10,20
3493,9,17,426,3,11,0,372,0.2576832151300236,381,9,0,19,6,3,3,1,0,0,0,11,381,9,0,19,6,3,3,1,0,0,0,3,40,34,6,8,3,198,5,126,0,16,2,0.011737089201877934,1,2005-05-25 10:13:09,1117015989,3,8,17,34
3494,22,21,736,5,18,0,652,0.2391304347826087,687,10,1,9,9,7,9,0,2,0,0,13,687,10,1,9,9,7,9,0,2,0,0,15,66,46,20,3,0,213,15,170,0,22,9,0.020380434782608696,1,2005-05-25 10:14:09,1117016049,5,6,5,10
3495,33,33,578,7,11,0,436,0.3667820069204152,459,64,0,24,27,1,3,0,0,0,0,5,459,64,0,24,27,1,3,0,0,0,0,1,115,93,22,26,0,279,19,158,0,8,22,0.0328719723183391,2,2005-05-25 10:15:09,1117016109,6,6,10,20
3496,34,26,448,4,17,0,374,0.328125,384,16,0,21,22,4,0,0,1,0,0,7,384,16,0,21,22,4,0,0,1,0,0,2,67,59,8,5,0,204,3,140,0,10,0,0.006696428571428571,1,2005-05-25 10:16:09,1117016169,4,7,21,42
3497,8,15,464,3,11,0,392,0.15732758620689655,414,38,0,5,6,0,0,0,1,0,0,7,414,38,0,5,6,0,0,0,1,0,0,17,55,50,5,0,0,210,4,126,0,10,2,0.008620689655172414,1,2005-05-25 10:17:09,1117016229,3,7,10,20
3498,54,11,332,3,17,0,177,0.8844984802431611,192,77,0,18,7,21,12,1,1,0,0,7,192,77,0,18,7,21,12,1,1,0,0,7,138,130,8,7,3,151,35,92,0,22,27,0.10542168674698796,1,2005-05-25 10:18:09,1117016289,3,7,2,4
3499,16,42,516,3,18,0,417,0.5019379844961239,423,34,0,9,37,4,4,0,0,0,0,12,423,34,0,9,37,4,4,0,0,0,0,1,96,91,5,2,0,218,12,116,0,12,0,0.02325581395348837,1,2005-05-25 10:19:09,1117016349,3,7,4,8
3500,8,53,484,3,17,0,392,0.31611570247933884,400,28,0,48,5,1,2,0,0,0,0,5,400,28,0,48,5,1,2,0,0,0,0,0,58,50,8,34,0,227,5,110,0,10,1,0.010330578512396695,1,2005-05-25 10:20:09,1117016409,3,6,39,78
3501,151,17,912,5,18,0,541,0.7401315789473685,631,184,0,40,6,1,1,0,40,1,0,12,631,184,0,40,6,1,1,0,40,1,0,10,358,278,80,3,0,387,10,200,0,20,14,0.010964912280701756,1,2005-05-25 10:21:09,1117016469,5,8,5,10
3502,9,78,1180,4,20,0,715,0.6008474576271187,769,336,0,18,11,3,4,3,35,0,1,9,769,336,0,18,11,3,4,3,35,0,1,2,456,404,52,7,0,579,3,402,0,18,13,0.002542372881355932,1,2005-05-25 10:22:09,1117016529,4,10,21,42
3503,60,61,2018,3,21,0,1368,0.3049082796232028,1526,412,0,49,20,8,1,0,0,1,0,8,1526,412,0,49,20,8,1,0,0,1,0,1,636,479,157,12,1,641,4,562,0,26,8,0.0019821605550049554,1,2005-05-25 10:23:09,1117016589,3,11,7,14
3504,8,20,420,4,17,0,367,0.31904761904761897,376,18,0,6,12,0,1,4,0,0,0,16,376,18,0,6,12,0,1,4,0,0,0,2,41,34,7,10,0,188,0,108,0,6,3,0.0,0,2005-05-25 10:24:09,1117016649,4,8,13,26
3505,10,5,414,6,18,0,360,0.20772946859903385,377,25,0,2,4,1,3,0,0,0,0,13,377,25,0,2,4,1,3,0,0,0,0,13,34,30,4,7,0,191,1,108,0,12,11,0.0024154589371980675,1,2005-05-25 10:25:09,1117016709,4,7,6,12
3506,20,8,382,7,18,0,330,0.35340314136125656,343,16,2,5,6,2,2,1,0,0,4,11,343,16,2,5,6,2,2,1,0,0,4,3,46,36,10,3,0,183,9,116,0,6,3,0.02356020942408377,1,2005-05-25 10:26:09,1117016769,7,9,26,52
3507,14,19,400,4,11,0,345,0.235,360,15,0,9,7,6,2,1,0,0,0,6,360,15,0,9,7,6,2,1,0,0,0,8,42,35,7,5,0,190,8,102,0,12,3,0.02,1,2005-05-25 10:27:09,1117016829,4,7,13,26
3508,28,15,452,8,18,0,387,0.5432372505543237,395,16,2,7,7,1,3,11,2,1,1,14,395,16,2,7,7,1,3,11,2,1,1,1,53,46,7,10,1,206,13,160,0,10,0,0.02876106194690265,1,2005-05-25 10:28:09,1117016889,4,7,21,42
3509,12,17,542,3,17,0,434,0.24907749077490776,451,67,0,16,3,2,2,0,0,0,1,9,451,67,0,16,3,2,2,0,0,0,1,13,83,79,4,12,0,254,10,128,0,12,1,0.01845018450184502,1,2005-05-25 10:29:09,1117016949,3,8,10,20
3510,14,13,426,5,11,0,380,0.20187793427230047,387,16,0,13,4,2,1,2,1,0,0,7,387,16,0,13,4,2,1,2,1,0,0,3,40,36,4,3,0,186,1,122,0,16,1,0.002347417840375587,1,2005-05-25 10:30:09,1117017009,5,7,9,18
3511,17,9,794,6,17,0,751,0.09445843828715364,760,18,0,6,2,6,0,1,0,0,1,9,760,18,0,6,2,6,0,1,0,0,1,1,41,33,8,1,0,242,0,174,0,14,0,0.0,0,2005-05-25 10:31:09,1117017069,5,8,21,42
3512,7,12,490,5,18,0,446,0.11020408163265306,461,15,0,8,3,1,2,0,0,0,0,5,461,15,0,8,3,1,2,0,0,0,0,10,30,25,5,4,0,233,4,112,0,12,0,0.00816326530612245,1,2005-05-25 10:32:09,1117017129,5,8,10,20
3513,7,3,392,5,17,0,358,0.0943877551020408,373,12,0,3,1,1,0,2,0,0,0,6,373,12,0,3,1,1,0,2,0,0,0,9,23,17,6,2,0,177,0,98,0,14,1,0.0,0,2005-05-25 10:33:09,1117017189,5,7,4,8
3514,5,10,346,3,18,0,316,0.14450867052023122,326,8,0,6,1,2,2,0,0,0,1,9,326,8,0,6,1,2,2,0,0,0,1,1,27,18,9,2,0,166,0,98,0,8,0,0.0,0,2005-05-25 10:34:09,1117017249,3,8,1,2
3515,1,14,104,5,17,0,78,0.4423076923076923,82,8,0,4,10,0,0,0,0,0,0,3,82,8,0,4,10,0,0,0,0,0,0,2,19,17,2,5,0,48,0,48,0,8,0,0.0,0,2005-05-25 10:35:09,1117017309,5,7,17,34
3516,11,12,822,5,18,0,767,0.08150851581508516,791,14,0,8,2,6,0,0,1,0,0,7,791,14,0,8,2,6,0,0,1,0,0,12,41,29,12,2,0,238,7,188,0,14,0,0.00851581508515815,1,2005-05-25 10:36:09,1117017369,4,8,3,6
3517,13,4,472,4,17,0,444,0.11864406779661014,450,7,0,2,12,0,0,0,0,0,1,9,450,7,0,2,12,0,0,0,0,0,1,0,27,21,6,1,0,228,0,98,0,10,0,0.0,0,2005-05-25 10:37:09,1117017429,4,7,7,14
3518,5,9,368,6,18,0,340,0.10869565217391304,350,5,0,6,5,2,0,0,0,0,0,4,350,5,0,6,5,2,0,0,0,0,0,6,18,14,4,4,0,178,2,92,0,12,2,0.005434782608695652,1,2005-05-25 10:38:09,1117017489,4,6,2,4
3519,11,5,366,4,11,0,337,0.1174863387978142,346,7,0,7,4,1,0,1,0,0,0,6,346,7,0,7,4,1,0,1,0,0,0,1,28,20,8,0,0,174,8,94,0,8,0,0.02185792349726776,2,2005-05-25 10:39:09,1117017549,4,7,13,26
3520,11,10,392,11,17,0,351,0.20918367346938774,366,6,0,12,2,0,0,0,2,4,0,8,366,6,0,12,2,0,0,0,2,4,0,10,30,25,5,1,0,187,8,104,0,10,1,0.020408163265306117,2,2005-05-25 10:40:09,1117017609,4,6,3,6
3521,10,18,446,4,18,0,383,0.28475336322869954,396,23,0,10,2,0,13,1,1,0,0,7,396,23,0,10,2,0,13,1,1,0,0,4,42,33,9,17,0,207,18,118,0,10,0,0.04035874439461883,2,2005-05-25 10:41:09,1117017669,4,6,4,8
3522,10,52,570,7,17,0,435,0.5912280701754385,440,77,0,3,1,4,40,0,5,0,0,7,440,77,0,3,1,4,40,0,5,0,0,0,133,128,5,2,0,232,5,106,0,20,12,0.008771929824561403,1,2005-05-25 10:42:09,1117017729,6,6,5,10
3523,12,9,664,8,18,0,615,0.11596385542168675,632,11,0,10,8,1,0,0,0,0,2,9,632,11,0,10,8,1,0,0,0,0,2,0,46,29,17,3,0,190,4,134,0,12,1,0.006024096385542169,1,2005-05-25 10:43:09,1117017789,8,10,14,28
3524,19,9,764,6,18,0,684,0.13892529488859764,721,23,0,6,4,1,1,0,6,1,0,8,721,23,0,6,4,1,1,0,6,1,0,15,60,38,22,4,1,215,8,176,0,24,3,0.010471204188481676,1,2005-05-25 10:44:09,1117017849,4,10,7,14
3525,6,8,404,4,11,0,356,0.1371571072319202,364,26,0,7,3,0,0,1,0,0,0,6,364,26,0,7,3,0,0,1,0,0,0,0,42,34,8,3,3,197,0,96,0,14,7,0.0,0,2005-05-25 10:45:09,1117017909,4,7,5,10
3526,12,10,414,5,17,0,357,0.16019417475728154,364,34,0,10,4,0,0,0,0,0,0,3,364,34,0,10,4,0,0,0,0,0,0,0,52,45,7,3,2,200,3,106,0,8,7,0.007246376811594203,1,2005-05-25 10:46:09,1117017969,3,7,18,36
3527,7,12,414,4,18,0,367,0.16908212560386476,387,14,0,7,2,0,0,0,0,0,4,9,387,14,0,7,2,0,0,0,0,0,4,15,28,23,5,4,0,191,6,94,0,12,5,0.014492753623188406,1,2005-05-25 10:47:09,1117018029,4,6,5,10
3528,16,17,656,5,17,0,601,0.1875,612,20,0,12,4,3,0,0,0,0,0,11,612,20,0,12,4,3,0,0,0,0,0,1,50,40,10,4,0,190,10,166,0,8,0,0.01524390243902439,3,2005-05-25 10:48:09,1117018089,5,8,5,10
3529,6,9,426,4,18,0,370,0.17605633802816897,376,33,0,12,3,1,1,0,0,0,0,5,376,33,0,12,3,1,1,0,0,0,0,0,47,41,6,9,0,193,6,116,0,10,0,0.014018691588785048,1,2005-05-25 10:49:09,1117018149,4,6,5,10
3530,13,8,374,5,11,0,330,0.18716577540106952,339,14,0,10,9,1,1,0,0,0,0,5,339,14,0,10,9,1,1,0,0,0,0,4,29,24,5,11,0,181,10,102,0,10,3,0.026737967914438502,3,2005-05-25 10:50:09,1117018209,5,8,19,38
3531,67,404,1496,5,17,0,886,0.9973136333109468,935,57,1,389,30,17,14,5,10,4,10,12,935,57,1,389,30,17,14,5,10,4,10,12,580,543,37,11,7,691,126,576,2,40,35,0.08422459893048129,2,2005-05-25 10:51:09,1117018269,5,7,2,4
3532,47,45,800,5,20,0,680,0.48375,692,41,0,17,8,6,16,6,2,3,1,15,692,41,0,17,8,6,16,6,2,3,1,1,108,97,11,11,0,228,6,222,0,6,0,0.0075,1,2005-05-25 10:52:09,1117018329,5,9,39,78
3533,41,29,566,6,17,0,436,0.4929328621908127,452,51,0,32,8,9,4,0,6,0,2,12,452,51,0,32,8,9,4,0,6,0,2,10,116,110,6,4,0,257,6,166,0,14,1,0.01060070671378092,1,2005-05-25 10:53:09,1117018389,6,7,3,6
3534,30,16,624,4,18,0,449,0.405448717948718,478,108,0,13,2,8,12,0,3,0,0,7,478,108,0,13,2,8,12,0,3,0,0,3,167,141,26,5,0,280,8,144,0,22,20,0.01282051282051282,1,2005-05-25 10:54:09,1117018449,4,7,34,68
3535,24,63,858,6,20,0,589,0.9452214452214452,607,38,0,9,138,40,4,14,1,1,4,13,607,38,0,9,138,40,4,14,1,1,4,11,231,224,7,27,0,406,85,218,0,20,8,0.09906759906759907,2,2005-05-25 10:55:09,1117018509,6,8,12,24
3536,5,23,162,5,17,0,93,0.9753086419753086,96,30,0,17,7,0,0,11,1,0,0,7,96,30,0,17,7,0,0,11,1,0,0,3,62,62,0,4,0,75,0,64,0,12,1,0.0,0,2005-05-25 10:56:09,1117018569,5,7,5,10
3537,21,20,740,4,17,0,674,0.2368064952638701,684,22,0,20,2,0,2,3,0,0,0,14,684,22,0,20,2,0,2,3,0,0,0,2,53,45,8,10,1,192,10,178,0,16,0,0.013513513513513514,1,2005-05-25 10:57:09,1117018629,4,8,25,50
3538,15,22,422,8,18,0,356,0.542654028436019,373,10,0,14,2,6,5,3,2,0,0,15,373,10,0,14,2,6,5,3,2,0,0,13,34,30,4,19,0,200,6,114,0,8,0,0.014218009478672985,1,2005-05-25 10:58:09,1117018689,5,7,14,28
3539,36,12,502,7,19,0,404,0.5737051792828686,420,10,0,32,4,2,29,1,1,1,0,17,420,10,0,32,4,2,29,1,1,1,0,11,46,41,5,41,0,235,5,126,0,14,17,0.0099601593625498,1,2005-05-25 10:59:09,1117018749,5,8,34,68
3540,5,6,456,4,18,0,378,0.27631578947368424,384,44,0,22,2,2,0,0,0,0,0,12,384,44,0,22,2,2,0,0,0,0,0,1,73,68,5,4,0,225,5,114,0,6,28,0.010964912280701756,1,2005-05-25 11:00:09,1117018809,4,7,4,8
3541,15,16,416,4,21,0,368,0.40865384615384615,372,14,1,4,3,2,16,1,1,0,0,16,372,14,1,4,3,2,16,1,1,0,0,0,39,35,4,9,0,196,3,102,0,14,8,0.007211538461538463,1,2005-05-25 11:01:09,1117018869,4,9,29,58
3542,26,20,494,4,18,0,400,0.3016194331983806,426,31,0,16,12,2,2,3,2,0,0,7,426,31,0,16,12,2,2,3,2,0,0,18,66,58,8,10,0,241,3,148,0,10,1,0.006072874493927126,1,2005-05-25 11:02:09,1117018929,4,7,3,6
3543,42,30,540,4,17,0,438,0.3320964749536178,450,39,0,37,6,2,1,0,0,1,3,9,450,39,0,37,6,2,1,0,0,1,3,1,94,83,11,6,1,237,14,204,0,18,0,0.025925925925925925,1,2005-05-25 11:03:09,1117018989,4,9,5,10
3544,52,46,584,8,20,0,458,0.5256849315068494,474,8,0,69,10,7,7,5,0,2,0,11,474,8,0,69,10,7,7,5,0,2,0,1,113,98,15,12,0,268,16,196,0,12,0,0.0273972602739726,1,2005-05-25 11:04:09,1117019049,6,10,24,48
3545,16,32,862,4,17,0,732,0.2529002320185615,752,63,0,21,14,6,1,1,0,0,4,9,752,63,0,21,14,6,1,1,0,0,4,11,106,97,9,13,0,261,14,220,0,14,1,0.016241299303944315,1,2005-05-25 11:05:09,1117019109,4,14,26,52
3546,18,50,482,4,12,0,388,0.45850622406639,411,27,0,11,3,3,17,7,1,1,1,9,411,27,0,11,3,3,17,7,1,1,1,10,53,40,13,31,0,229,10,128,0,10,1,0.020746887966804982,1,2005-05-25 11:06:09,1117019169,4,7,12,24
3547,19,19,436,4,17,0,363,0.3761467889908257,387,10,0,11,17,0,4,1,1,0,4,12,387,10,0,11,17,0,4,1,1,0,4,10,51,37,14,12,0,197,6,116,0,12,2,0.013761467889908258,2,2005-05-25 11:07:09,1117019229,4,6,3,6
3548,18,28,428,8,18,0,361,0.3770491803278688,370,15,0,16,14,4,6,0,0,0,0,14,370,15,0,16,14,4,6,0,0,0,0,1,47,39,8,18,1,202,8,138,0,16,2,0.018691588785046728,2,2005-05-25 11:08:09,1117019289,5,8,5,10
3549,13,16,444,4,11,0,382,0.4864864864864865,388,12,0,11,8,0,4,19,0,0,0,12,388,12,0,11,8,0,4,19,0,0,0,2,46,42,4,14,0,207,6,128,0,10,1,0.013513513513513514,1,2005-05-25 11:09:09,1117019349,4,7,19,38
3550,27,45,596,7,17,0,448,0.4664429530201342,467,70,0,21,20,5,2,2,8,1,0,8,467,70,0,21,20,5,2,2,8,1,0,12,131,124,7,5,0,242,4,178,0,12,2,0.006644518272425249,1,2005-05-25 11:10:09,1117019409,7,8,6,12
3551,19,24,444,4,11,0,388,0.3108108108108108,392,13,0,22,8,3,1,0,0,5,0,8,392,13,0,22,8,3,1,0,0,5,0,0,51,47,4,5,0,204,5,136,0,10,0,0.011261261261261259,1,2005-05-25 11:11:09,1117019469,4,7,13,26
3552,19,7,642,4,17,0,589,0.1573208722741433,602,14,0,5,11,7,2,1,0,0,0,6,602,14,0,5,11,7,2,1,0,0,0,3,45,35,10,5,0,184,2,142,0,12,0,0.003115264797507788,1,2005-05-25 11:12:09,1117019529,4,6,16,32
3553,22,9,476,4,11,0,391,0.2378947368421053,402,49,0,10,13,0,1,0,0,0,0,5,402,49,0,10,13,0,1,0,0,0,0,1,82,72,10,1,1,223,3,112,0,6,0,0.0063025210084033615,2,2005-05-25 11:13:09,1117019589,4,8,7,14
3554,11,4,396,6,17,0,352,0.1111111111111111,373,12,0,6,3,1,0,0,1,0,0,7,373,12,0,6,3,1,0,0,1,0,0,17,26,22,4,1,0,191,4,102,0,10,0,0.010101010101010102,1,2005-05-25 11:14:09,1117019649,4,7,7,14
3555,9,8,380,4,11,0,352,0.1368421052631579,357,8,0,8,4,1,0,2,0,0,0,6,357,8,0,8,4,1,0,2,0,0,0,1,26,22,4,1,0,177,3,110,0,8,0,0.007894736842105262,1,2005-05-25 11:15:09,1117019709,4,8,5,10
3556,31,46,886,6,17,0,767,0.24379232505643345,783,44,0,33,16,3,4,1,0,0,1,11,783,44,0,33,16,3,4,1,0,0,1,2,111,97,14,6,0,253,9,270,0,12,2,0.010158013544018058,1,2005-05-25 11:16:09,1117019769,6,9,27,54
3557,84,8,564,5,24,0,444,0.38652482269503546,461,49,0,28,19,3,1,0,0,1,0,19,461,49,0,28,19,3,1,0,0,1,0,12,100,95,5,8,0,270,3,168,0,14,2,0.0053191489361702135,1,2005-05-25 11:17:09,1117019829,5,9,14,28
3558,13,54,468,6,17,0,376,0.2869379014989293,394,45,0,15,2,5,4,1,1,0,0,7,394,45,0,15,2,5,4,1,1,0,0,9,71,62,9,11,1,225,11,134,0,10,0,0.023504273504273504,1,2005-05-25 11:18:09,1117019889,5,9,21,42
3559,74,21,600,5,18,0,449,0.4214046822742475,469,55,0,55,5,6,3,2,3,0,0,7,469,55,0,55,5,6,3,2,3,0,0,7,132,119,13,10,2,273,10,170,0,18,29,0.016556291390728478,1,2005-05-25 11:19:09,1117019949,5,8,6,12
3560,17,46,678,7,18,0,458,0.5250737463126843,488,123,5,48,1,1,4,3,2,1,1,11,488,123,5,48,1,1,4,3,2,1,1,0,214,184,30,6,0,327,24,190,2,10,19,0.035398230088495575,1,2005-05-25 11:20:09,1117020009,5,12,56,112
3561,11,12,430,4,19,0,367,0.3116279069767442,388,19,0,6,5,2,2,3,0,1,1,12,388,19,0,6,5,2,2,3,0,1,1,17,41,37,4,5,0,194,9,106,0,16,2,0.02093023255813953,1,2005-05-25 11:21:09,1117020069,4,6,9,18
3562,24,24,464,4,21,0,382,0.5021551724137931,389,31,0,18,5,0,0,12,0,5,3,12,389,31,0,18,5,0,0,12,0,5,3,1,66,60,6,15,0,212,2,126,0,14,1,0.004310344827586207,1,2005-05-25 11:22:09,1117020129,4,7,18,36
3563,40,19,522,14,17,0,442,0.3984674329501916,456,6,1,39,4,1,7,1,5,1,0,14,456,6,1,39,4,1,7,1,5,1,0,3,65,54,11,12,0,235,2,134,0,12,0,0.0038314176245210726,1,2005-05-25 11:23:09,1117020189,8,8,7,14
3564,43,47,604,8,19,0,477,0.5323383084577115,495,6,0,54,38,0,1,0,4,1,0,15,495,6,0,54,38,0,1,0,4,1,0,1,87,70,17,38,1,258,4,132,0,6,0,0.006622516556291391,1,2005-05-25 11:24:09,1117020249,4,8,20,40
3565,9,50,878,5,21,0,732,0.3397947548460661,760,52,1,12,36,3,2,5,3,0,1,11,760,52,1,12,36,3,2,5,3,0,1,10,105,87,18,30,1,252,19,196,0,16,0,0.02164009111617312,1,2005-05-25 11:25:09,1117020309,5,7,9,18
3566,21,8,428,4,21,0,368,0.2313084112149533,381,34,2,5,2,0,0,0,3,1,0,10,381,34,2,5,2,0,0,0,3,1,0,4,52,43,9,4,0,207,10,112,0,12,0,0.02336448598130841,1,2005-05-25 11:26:09,1117020369,4,7,3,6
3567,22,13,454,4,17,0,394,0.3303964757709251,408,12,1,4,6,13,10,0,0,0,0,10,408,12,1,4,6,13,10,0,0,0,0,1,48,35,13,11,0,199,5,114,0,12,1,0.011013215859030838,1,2005-05-25 11:27:09,1117020429,4,7,3,6
3568,10,11,360,9,19,0,327,0.20833333333333331,332,9,0,10,4,0,0,2,2,1,0,8,332,9,0,10,4,0,0,2,2,1,0,1,28,24,4,4,0,171,5,100,0,10,1,0.013888888888888888,1,2005-05-25 11:28:09,1117020489,4,10,12,24
3569,21,97,658,4,17,0,486,0.8130699088145896,509,22,0,26,41,16,9,30,2,1,0,15,509,22,0,26,41,16,9,30,2,1,0,11,111,99,12,50,0,307,20,168,0,18,1,0.030395136778115506,2,2005-05-25 11:29:09,1117020549,4,8,5,10
3570,20,11,422,6,11,0,365,0.28199052132701424,369,23,0,20,2,0,0,7,0,1,0,8,369,23,0,20,2,0,0,7,0,1,0,0,57,53,4,0,0,200,8,114,0,4,0,0.018957345971563986,1,2005-05-25 11:30:09,1117020609,6,7,2,4
3571,30,27,494,6,19,0,410,0.3279352226720648,421,25,0,31,9,1,4,0,0,3,0,8,421,25,0,31,9,1,4,0,0,3,0,5,73,67,6,6,0,217,9,150,0,14,2,0.01821862348178137,2,2005-05-25 11:31:09,1117020669,6,8,32,64
3572,33,17,730,4,11,0,648,0.136986301369863,670,37,0,16,3,0,2,2,0,0,0,6,670,37,0,16,3,0,2,2,0,0,0,12,63,53,10,7,0,213,4,182,0,0,0,0.0054794520547945215,2,2005-05-25 11:32:09,1117020729,4,7,13,26
3573,38,19,544,8,19,0,426,0.4033149171270719,439,63,0,9,8,15,4,3,0,2,0,8,439,63,0,9,8,15,4,3,0,2,0,7,106,100,6,4,1,221,1,148,0,12,0,0.0018382352941176468,1,2005-05-25 11:33:09,1117020789,7,9,6,12
3574,8,21,398,4,12,0,355,0.23618090452261306,363,15,0,7,1,2,6,4,0,0,0,6,363,15,0,7,1,2,6,4,0,0,0,2,32,26,6,9,0,190,0,104,0,8,1,0.0,0,2005-05-25 11:34:09,1117020849,4,8,6,12
3575,4,19,374,4,18,0,341,0.27540106951871657,345,8,0,2,6,8,0,2,1,0,0,11,345,8,0,2,6,8,0,2,1,0,0,0,18,14,4,15,0,185,0,92,0,6,0,0.0,0,2005-05-25 11:35:09,1117020909,4,6,16,32
3576,20,8,134,3,17,0,85,0.6417910447761194,97,15,1,10,6,3,1,1,0,0,0,10,97,15,1,10,6,3,1,1,0,0,0,12,35,35,0,2,0,59,4,66,0,10,0,0.02985074626865672,2,2005-05-25 11:36:09,1117020969,3,7,8,16
3577,41,115,1004,7,19,0,798,0.4422310756972112,823,38,0,77,46,8,3,2,4,2,0,11,823,38,0,77,46,8,3,2,4,2,0,5,195,175,20,6,0,299,8,234,0,18,2,0.00796812749003984,2,2005-05-25 11:37:09,1117021029,5,7,6,12
3578,30,22,466,9,17,0,377,0.4377682403433477,393,21,1,11,28,4,1,5,0,2,0,10,393,21,1,11,28,4,1,5,0,2,0,2,74,60,14,13,0,224,20,154,0,10,1,0.04291845493562232,1,2005-05-25 11:38:09,1117021089,5,8,4,8
3579,43,12,448,5,12,0,371,0.32142857142857145,384,11,0,35,11,6,0,1,0,0,0,6,384,11,0,35,11,6,0,1,0,0,0,2,69,58,11,6,0,217,18,126,0,2,0,0.04017857142857143,1,2005-05-25 11:39:09,1117021149,5,6,23,46
3580,11,11,410,3,17,0,353,0.2048780487804878,380,5,0,9,4,11,1,0,0,0,0,5,380,5,0,9,4,11,1,0,0,0,0,15,38,26,12,4,0,195,0,106,0,12,4,0.0,0,2005-05-25 11:40:09,1117021209,3,7,3,6
3581,34,3,136,6,17,0,83,1.1176470588235294,90,12,0,9,3,4,17,0,0,0,0,12,90,12,0,9,3,4,17,0,0,0,0,1,31,25,6,21,0,60,12,66,0,8,4,0.08823529411764706,1,2005-05-25 11:41:09,1117021269,6,7,28,56
3582,7,43,480,5,17,0,381,0.4833333333333333,395,36,0,11,14,0,20,1,2,0,0,12,395,36,0,11,14,0,20,1,2,0,0,3,89,78,11,7,0,216,25,170,0,0,0,0.052083333333333336,1,2005-05-25 11:42:09,1117021329,5,9,16,32
3583,17,14,438,6,24,0,382,0.2945205479452055,389,20,0,14,6,1,3,1,1,0,2,13,389,20,0,14,6,1,3,1,1,0,2,2,45,40,5,9,0,205,6,136,0,8,0,0.013636363636363636,2,2005-05-25 11:43:09,1117021389,5,10,3,6
3584,34,33,870,4,18,0,735,0.33640552995391704,757,40,0,27,26,5,2,1,5,1,2,12,757,40,0,27,26,5,2,1,5,1,2,13,110,101,9,10,2,248,13,246,0,14,13,0.014942528735632184,1,2005-05-25 11:44:09,1117021449,4,10,25,50
3585,29,21,484,3,18,0,392,0.3925619834710744,412,23,0,21,13,4,0,9,1,0,1,9,412,23,0,21,13,4,0,9,1,0,1,6,82,68,14,4,0,222,19,140,0,10,1,0.03925619834710744,2,2005-05-25 11:45:09,1117021509,3,9,7,14
3586,1,18,426,4,15,0,367,0.3004694835680751,374,16,0,23,2,3,0,8,0,0,0,6,374,16,0,23,2,3,0,8,0,0,0,0,56,49,7,3,0,208,5,108,0,8,1,0.011737089201877934,1,2005-05-25 11:46:09,1117021569,4,7,25,50
3587,6,4,410,5,17,0,359,0.14634146341463414,377,14,0,13,5,0,1,0,0,0,0,5,377,14,0,13,5,0,1,0,0,0,0,14,29,25,4,8,0,203,0,94,0,8,1,0.0,0,2005-05-25 11:47:09,1117021629,4,7,8,16
3588,9,2,362,5,19,0,325,0.1574585635359116,335,13,0,7,2,4,0,0,0,1,0,8,335,13,0,7,2,4,0,0,0,1,0,5,29,24,5,3,0,171,10,94,0,4,1,0.027624309392265192,1,2005-05-25 11:48:09,1117021689,3,8,16,32
3589,6,15,670,4,17,0,630,0.11940298507462685,645,8,0,5,4,4,1,0,0,1,1,12,645,8,0,5,4,4,1,0,0,1,1,8,18,11,7,14,0,179,0,136,0,14,2,0.0,0,2005-05-25 11:49:09,1117021749,4,8,2,4
3590,6,11,360,5,18,0,329,0.11666666666666667,335,13,0,8,3,1,0,0,0,0,0,4,335,13,0,8,3,1,0,0,0,0,0,1,24,19,5,6,0,171,1,98,0,8,8,0.0027777777777777783,1,2005-05-25 11:50:09,1117021809,5,6,14,28
3591,14,6,406,5,17,0,354,0.1724137931034483,372,12,0,13,6,2,0,1,0,0,0,6,372,12,0,13,6,2,0,1,0,0,0,13,37,32,5,2,0,194,5,118,0,6,0,0.012315270935960592,2,2005-05-25 11:51:09,1117021869,5,7,3,6
3592,51,25,512,3,19,0,411,0.486328125,419,49,0,21,6,4,4,0,0,1,2,13,419,49,0,21,6,4,4,0,0,1,2,2,93,87,6,6,0,224,2,140,0,16,1,0.00390625,1,2005-05-25 11:52:09,1117021929,3,7,36,72
3593,56,43,900,4,17,0,773,0.6844444444444444,784,22,2,9,2,21,21,15,3,1,0,13,784,22,2,9,2,21,21,15,3,1,0,1,119,109,10,7,0,292,4,208,0,14,2,0.004444444444444445,1,2005-05-25 11:53:09,1117021989,4,7,6,12
3594,54,12,598,15,19,0,440,0.4197324414715719,452,78,0,54,5,6,0,1,0,1,0,12,452,78,0,54,5,6,0,1,0,1,0,3,150,141,9,5,0,247,7,158,0,8,1,0.011627906976744186,2,2005-05-25 11:54:09,1117022049,5,7,20,40
3595,6,11,650,5,17,0,530,0.19568567026194145,561,60,0,22,5,0,0,0,0,1,0,8,561,60,0,22,5,0,0,0,0,1,0,18,99,86,13,2,1,311,72,234,0,10,1,0.11076923076923076,2,2005-05-25 11:55:09,1117022109,5,7,51,102
3596,17,6,474,8,19,0,428,0.24101479915433405,442,8,0,14,3,0,0,0,0,1,0,13,442,8,0,14,3,0,0,0,0,1,0,8,37,31,6,0,1,229,58,194,0,8,0,0.12236286919831225,2,2005-05-25 11:56:09,1117022169,6,6,2,4
3597,9,40,454,6,15,0,389,0.4052863436123348,397,30,0,9,5,2,2,1,0,0,0,13,397,30,0,9,5,2,2,1,0,0,0,0,40,33,7,25,0,207,18,128,0,8,1,0.039647577092511016,1,2005-05-25 11:57:09,1117022229,4,7,4,8
3598,7,8,394,6,17,0,348,0.18320610687022898,354,25,0,7,3,0,2,1,0,1,0,8,354,25,0,7,3,0,2,1,0,1,0,0,42,36,6,3,1,187,9,116,0,8,0,0.022842639593908632,1,2005-05-25 11:58:09,1117022289,4,6,16,32
3599,18,13,716,8,19,0,656,0.13687150837988826,678,15,0,9,3,6,2,1,0,2,0,8,678,15,0,9,3,6,2,1,0,2,0,12,43,33,10,5,0,194,10,162,0,20,0,0.013966480446927372,1,2005-05-25 11:59:09,1117022349,5,7,11,22
3600,3,16,384,4,11,0,350,0.2172774869109948,357,8,0,5,1,3,1,5,1,1,0,8,357,8,0,5,1,3,1,5,1,1,0,3,18,14,4,11,2,183,0,120,0,4,0,0.0,0,2005-05-25 12:00:09,1117022409,4,8,9,18
3601,7,18,642,6,11,0,603,0.13862928348909656,611,7,0,12,4,0,5,0,3,0,0,7,611,7,0,12,4,0,5,0,3,0,0,1,38,31,7,0,0,183,2,144,0,6,0,0.003115264797507788,1,2005-05-25 12:01:09,1117022469,5,7,16,32
3602,12,2,380,9,17,0,338,0.1741424802110818,360,8,0,0,0,3,5,0,3,0,0,7,360,8,0,0,0,3,5,0,3,0,0,18,23,19,4,0,1,184,1,92,0,8,0,0.002631578947368421,1,2005-05-25 12:02:09,1117022529,4,7,3,6
3603,12,22,396,4,19,0,353,0.2379746835443038,358,3,0,29,1,0,0,1,0,3,0,8,358,3,0,29,1,0,0,1,0,3,0,1,40,36,4,1,1,189,0,108,0,10,2,0.0,0,2005-05-25 12:03:09,1117022589,4,8,2,4
3604,127,13,624,4,17,0,467,0.9229534510433388,472,4,0,30,2,95,2,12,5,1,0,8,472,4,0,30,2,95,2,12,5,1,0,0,144,139,5,12,1,273,0,134,0,10,0,0.0,0,2005-05-25 12:04:09,1117022649,4,8,5,10
3605,36,23,502,5,14,0,400,0.4900398406374502,411,30,0,24,7,15,11,1,2,0,0,12,411,30,0,24,7,15,11,1,2,0,0,1,98,88,10,3,0,227,43,162,0,8,0,0.08565737051792828,1,2005-05-25 12:05:09,1117022709,5,10,39,78
3606,30,93,1212,7,17,0,921,0.5995045417010735,950,117,0,51,6,1,51,23,9,0,2,11,950,117,0,51,6,1,51,23,9,0,2,17,247,235,12,26,1,303,16,264,0,22,13,0.0132013201320132,1,2005-05-25 12:06:09,1117022769,6,9,14,28
3607,18,37,454,4,18,0,375,0.42951541850220265,383,20,0,16,16,4,13,0,2,0,0,7,383,20,0,16,16,4,13,0,2,0,0,1,59,52,7,19,0,219,13,140,0,10,3,0.028634361233480177,1,2005-05-25 12:07:09,1117022829,4,7,10,20
3608,12,17,440,4,17,0,371,0.3302961275626424,381,29,0,15,1,3,6,1,0,0,0,12,381,29,0,15,1,3,6,1,0,0,0,1,60,51,9,7,1,197,7,128,0,8,1,0.01590909090909091,1,2005-05-25 12:08:09,1117022889,4,6,6,12
3609,19,15,410,12,13,0,358,0.35853658536585364,365,17,1,9,0,2,9,0,7,0,0,10,365,17,1,9,0,2,9,0,7,0,0,0,42,35,7,10,0,192,9,108,0,6,0,0.021951219512195117,1,2005-05-25 12:09:09,1117022949,9,9,15,30
3610,12,19,440,3,18,0,371,0.3409090909090909,387,18,0,14,7,0,9,0,2,3,0,8,387,18,0,14,7,0,9,0,2,3,0,11,51,46,5,7,0,200,4,122,0,14,3,0.00909090909090909,1,2005-05-25 12:10:09,1117023009,3,8,7,14
3611,11,16,404,4,17,0,358,0.3143564356435644,365,18,1,11,1,1,0,0,4,0,0,18,365,18,1,11,1,1,0,0,4,0,0,1,37,31,6,8,0,184,0,116,0,10,2,0.0,0,2005-05-25 12:11:09,1117023069,4,6,3,6
3612,8,9,392,4,17,0,354,0.17647058823529413,362,14,0,2,6,4,2,0,1,0,0,7,362,14,0,2,6,4,2,0,1,0,0,1,32,25,7,4,1,176,3,108,0,10,5,0.007653061224489796,1,2005-05-25 12:12:09,1117023129,4,7,15,30
3613,10,6,626,4,11,0,595,0.07028753993610222,605,6,0,8,6,1,0,0,0,0,0,4,605,6,0,8,6,1,0,0,0,0,0,2,27,19,8,2,0,173,4,140,0,8,1,0.006389776357827476,1,2005-05-25 12:13:09,1117023189,4,7,3,6
3614,8,7,438,7,11,0,367,0.18493150684931506,382,42,0,7,4,2,1,0,0,0,0,5,382,42,0,7,4,2,1,0,0,0,0,11,59,55,4,1,0,213,4,106,0,6,2,0.0091324200913242,1,2005-05-25 12:14:09,1117023249,7,8,12,24
3615,60,47,594,7,17,0,453,0.3097643097643097,467,76,0,46,4,1,0,0,0,0,0,4,467,76,0,46,4,1,0,0,0,0,0,10,130,126,4,1,0,228,6,128,0,12,0,0.010101010101010102,2,2005-05-25 12:15:09,1117023309,7,9,5,10
3616,8,6,360,4,18,0,329,0.11944444444444445,336,15,0,3,5,0,0,0,1,0,0,7,336,15,0,3,5,0,0,0,1,0,0,3,22,18,4,6,0,174,4,92,0,6,0,0.011111111111111113,1,2005-05-25 12:16:09,1117023369,4,7,36,72
3617,8,3,84,3,17,0,52,0.3928571428571429,64,10,0,7,3,0,0,0,0,0,0,3,64,10,0,7,3,0,0,0,0,0,0,12,17,17,0,3,0,38,6,46,0,8,0,0.07142857142857142,1,2005-05-25 12:17:09,1117023429,3,9,11,22
3618,15,33,758,5,19,0,675,0.18494055482166447,697,11,0,31,13,3,0,0,0,2,0,8,697,11,0,31,13,3,0,0,0,2,0,12,44,34,10,26,1,212,0,204,0,6,0,0.0,0,2005-05-25 12:18:09,1117023489,5,7,21,42
3619,5,10,378,4,17,0,342,0.1507936507936508,358,9,0,2,5,2,0,0,0,1,0,13,358,9,0,2,5,2,0,0,0,1,0,11,23,18,5,2,0,175,4,94,0,14,0,0.010526315789473684,1,2005-05-25 12:19:09,1117023549,4,6,3,6
3620,5,9,358,4,11,0,328,0.12324929971988795,334,11,0,5,5,2,0,0,0,0,0,4,334,11,0,5,5,2,0,0,0,0,0,2,23,19,4,4,1,171,6,100,0,6,0,0.01675977653631285,1,2005-05-25 12:20:09,1117023609,4,7,15,30
3621,5,7,372,3,17,0,335,0.10483870967741936,352,9,0,7,3,0,0,0,1,0,0,7,352,9,0,7,3,0,0,0,1,0,0,11,23,17,6,3,0,181,4,92,0,4,0,0.010752688172043013,1,2005-05-25 12:21:09,1117023669,3,8,4,8
3622,10,11,392,5,18,0,356,0.15306122448979592,364,14,0,4,4,4,2,0,0,0,0,5,364,14,0,4,4,4,2,0,0,0,0,2,27,21,6,7,0,184,4,102,0,12,0,0.010204081632653059,1,2005-05-25 12:22:09,1117023729,5,7,5,10
3623,10,12,420,5,17,0,371,0.21904761904761905,382,15,1,12,6,0,0,3,1,0,0,10,382,15,1,12,6,0,0,3,1,0,0,2,44,35,9,3,0,200,3,128,0,6,0,0.0071428571428571435,1,2005-05-25 12:23:09,1117023789,5,7,3,6
3624,33,51,1110,4,19,0,986,0.2405405405405405,1001,25,0,42,34,3,0,0,0,1,4,9,1001,25,0,42,34,3,0,0,0,1,4,2,104,91,13,18,0,248,14,254,0,10,0,0.012612612612612612,1,2005-05-25 12:24:09,1117023849,4,9,29,58
3625,3,16,432,6,11,0,365,0.18055555555555555,393,14,0,17,5,1,1,1,0,0,0,6,393,14,0,17,5,1,1,1,0,0,0,18,49,39,10,0,0,200,0,106,0,8,0,0.0,0,2005-05-25 12:25:09,1117023909,6,8,7,14
3626,4,7,366,4,19,0,339,0.12295081967213115,348,6,0,8,1,1,0,0,0,2,0,8,348,6,0,8,1,1,0,0,0,2,0,5,20,16,4,2,0,175,4,92,0,12,0,0.01092896174863388,1,2005-05-25 12:26:09,1117023969,4,6,2,4
3627,8,5,370,9,17,0,346,0.16486486486486487,352,4,0,5,3,0,0,5,0,1,0,8,352,4,0,5,3,0,0,5,0,1,0,0,21,15,6,3,0,174,8,88,0,8,0,0.021621621621621626,1,2005-05-25 12:27:09,1117024029,7,7,2,4
3628,10,11,378,4,12,0,337,0.20159151193633956,348,4,1,13,9,1,1,0,0,0,0,10,348,4,1,13,9,1,1,0,0,0,0,0,39,28,11,1,1,170,5,106,0,2,0,0.013227513227513229,1,2005-05-25 12:28:09,1117024089,4,7,13,26
3629,29,10,480,6,19,0,401,0.4395833333333333,425,13,0,15,4,1,1,16,1,1,0,12,425,13,0,15,4,1,1,16,1,1,0,10,66,52,14,3,0,213,8,136,0,8,0,0.016666666666666666,1,2005-05-25 12:29:09,1117024149,5,8,0,0
3630,27,19,434,4,17,0,370,0.2350230414746544,380,28,0,11,12,2,0,0,0,1,0,8,380,28,0,11,12,2,0,0,0,1,0,1,53,44,9,10,0,189,2,108,0,16,0,0.004608294930875576,1,2005-05-25 12:30:09,1117024209,4,8,9,18
3631,9,6,382,4,14,0,349,0.13612565445026178,358,12,0,5,6,0,0,0,0,0,0,12,358,12,0,5,6,0,0,0,0,0,0,1,31,23,8,1,0,181,5,106,0,10,0,0.013089005235602094,1,2005-05-25 12:31:09,1117024269,4,7,8,16
3632,9,5,674,4,17,0,630,0.06528189910979229,647,16,0,8,2,0,0,1,0,0,0,6,647,16,0,8,2,0,0,1,0,0,0,4,38,25,13,2,0,186,3,150,0,4,0,0.004451038575667656,1,2005-05-25 12:32:09,1117024329,4,6,17,34
3633,8,9,410,4,19,0,368,0.13658536585365855,384,8,0,11,6,0,0,0,0,1,0,8,384,8,0,11,6,0,0,0,0,1,0,12,25,21,4,5,0,188,0,104,0,8,1,0.0,0,2005-05-25 12:33:09,1117024389,4,7,2,4
3634,12,8,420,4,17,0,361,0.19285714285714287,368,35,0,12,3,0,1,0,0,1,0,8,368,35,0,12,3,0,1,0,0,1,0,0,53,46,7,6,0,188,0,114,0,6,0,0.0,0,2005-05-25 12:34:09,1117024449,4,7,2,4
3635,9,18,438,4,19,0,374,0.21689497716894976,389,26,0,13,5,3,0,0,0,2,0,8,389,26,0,13,5,3,0,0,0,2,0,2,61,48,13,1,0,199,0,118,0,14,0,0.0,0,2005-05-25 12:35:09,1117024509,4,7,4,8
3636,6,9,360,5,17,0,317,0.14804469273743018,335,9,0,5,6,2,0,0,0,1,0,8,335,9,0,5,6,2,0,0,0,1,0,4,32,18,14,5,2,176,7,96,0,6,1,0.019444444444444445,2,2005-05-25 12:36:09,1117024569,5,5,20,40
3637,10,7,126,9,17,0,70,0.5396825396825397,89,22,0,5,7,0,3,0,0,0,0,5,89,22,0,5,7,0,3,0,0,0,0,11,44,36,8,1,0,52,13,54,0,4,0,0.10317460317460317,1,2005-05-25 12:37:09,1117024629,6,6,7,14
3638,31,12,728,4,24,0,654,0.18543956043956045,666,21,0,30,1,6,0,2,1,1,0,8,666,21,0,30,1,6,0,2,1,1,0,0,69,57,12,5,0,193,0,174,0,10,0,0.0,0,2005-05-25 12:38:09,1117024689,4,10,17,34
3639,11,13,392,4,19,0,351,0.2193877551020408,364,3,0,13,4,0,6,0,1,1,0,8,364,3,0,13,4,0,6,0,1,1,0,9,26,22,4,6,0,182,0,90,0,12,0,0.0,0,2005-05-25 12:39:09,1117024749,4,7,17,34
3640,14,6,368,6,11,0,338,0.11684782608695653,345,11,0,8,2,0,2,0,0,0,0,5,345,11,0,8,2,0,2,0,0,0,0,3,18,14,4,9,0,177,8,96,0,4,0,0.021739130434782608,2,2005-05-25 12:40:09,1117024809,6,7,11,22
3641,20,8,454,4,17,0,388,0.19162995594713653,403,30,0,13,6,0,1,0,0,1,0,8,403,30,0,13,6,0,1,0,0,1,0,11,52,48,4,3,0,208,3,106,0,12,0,0.006607929515418502,1,2005-05-25 12:41:09,1117024869,4,6,11,22
3642,6,17,380,9,19,0,327,0.2473684210526316,337,27,0,5,4,0,0,5,1,1,0,8,337,27,0,5,4,0,0,5,1,1,0,2,50,42,8,1,0,185,0,84,0,6,0,0.0,0,2005-05-25 12:42:09,1117024929,4,7,11,22
3643,16,14,402,6,17,0,350,0.27611940298507465,369,8,2,8,7,2,0,5,0,1,0,10,369,8,2,8,7,2,0,5,0,1,0,6,43,30,13,3,0,186,3,98,0,12,0,0.00746268656716418,1,2005-05-25 12:43:09,1117024989,6,6,15,30
3644,15,18,762,3,18,0,673,0.1889763779527559,707,18,2,19,9,0,4,0,3,0,0,10,707,18,2,19,9,0,4,0,3,0,0,11,75,52,23,3,0,203,3,190,0,8,0,0.003937007874015748,1,2005-05-25 12:44:09,1117025049,3,7,9,18
3645,9,6,382,4,17,0,352,0.12827225130890052,359,5,0,13,3,1,1,0,0,0,0,5,359,5,0,13,3,1,1,0,0,0,0,2,25,20,5,3,0,180,4,108,0,10,1,0.010471204188481676,1,2005-05-25 12:45:09,1117025109,4,7,5,10
3646,6,15,386,3,19,0,350,0.19430051813471505,355,6,0,12,11,1,0,0,0,1,0,8,355,6,0,12,11,1,0,0,0,1,0,0,35,30,5,1,0,186,0,98,0,8,10,0.0,0,2005-05-25 12:46:09,1117025169,3,6,4,8
3647,19,8,422,4,11,0,370,0.25118483412322273,376,21,0,17,6,0,0,0,0,0,0,19,376,21,0,17,6,0,0,0,0,0,0,2,45,41,4,5,0,184,0,98,0,10,14,0.0,0,2005-05-25 12:47:09,1117025229,4,6,15,30
3648,13,16,394,7,17,0,342,0.233502538071066,358,6,0,12,16,0,0,1,0,1,0,8,358,6,0,12,16,0,0,1,0,1,0,12,37,33,4,3,0,190,0,98,0,8,11,0.0,0,2005-05-25 12:48:09,1117025289,5,7,3,6
3649,17,7,680,4,11,0,643,0.10603829160530193,651,7,0,5,12,2,1,1,0,0,0,6,651,7,0,5,12,2,1,1,0,0,0,0,31,23,8,5,1,181,4,150,0,6,11,0.005882352941176471,1,2005-05-25 12:49:09,1117025349,4,7,12,24
3650,3,10,338,4,17,0,313,0.1272189349112426,320,6,0,10,1,0,0,0,0,0,0,14,320,6,0,10,1,0,0,0,0,0,0,3,16,12,4,6,0,167,0,84,0,2,0,0.0,0,2005-05-25 12:50:09,1117025409,4,8,5,10
3651,21,38,550,3,17,0,441,0.52,456,36,2,10,23,4,8,6,2,0,1,15,456,36,2,10,23,4,8,6,2,0,1,9,83,77,6,17,0,221,4,174,0,16,22,0.007246376811594203,1,2005-05-25 12:51:09,1117025469,3,9,23,46
3652,45,63,868,3,11,0,730,0.3444700460829493,749,13,0,55,28,23,0,0,0,0,0,4,749,13,0,55,28,23,0,0,0,0,0,11,91,83,8,36,0,264,1,192,0,8,12,0.001152073732718894,1,2005-05-25 12:52:09,1117025529,3,8,6,12
3653,9,11,414,6,18,0,377,0.2777777777777778,388,7,0,3,6,0,4,0,0,2,0,12,388,7,0,3,6,0,4,0,0,2,0,4,28,21,7,5,0,188,5,94,0,14,2,0.012077294685990338,1,2005-05-25 12:53:09,1117025589,5,6,4,8
3654,7,17,390,3,17,0,344,0.2743589743589744,356,12,0,3,8,0,4,4,3,0,0,7,356,12,0,3,8,0,4,4,3,0,0,4,39,31,8,3,0,189,11,100,0,10,2,0.028205128205128206,1,2005-05-25 12:54:09,1117025649,3,7,6,12
3655,27,19,474,5,19,0,375,0.4177215189873418,409,21,0,14,4,6,12,4,3,1,0,8,409,21,0,14,4,6,12,4,3,1,0,3,81,50,31,15,0,219,13,114,0,12,10,0.027426160337552744,1,2005-05-25 12:55:09,1117025709,5,8,16,32
3656,34,20,520,4,18,0,428,0.3173076923076923,457,18,0,16,21,3,0,0,0,5,0,8,457,18,0,16,21,3,0,0,0,5,0,14,71,56,15,7,0,205,1,172,0,12,4,0.0019230769230769234,1,2005-05-25 12:56:09,1117025769,4,13,6,12
3657,8,14,368,6,20,0,334,0.1956521739130435,342,4,0,9,7,2,3,1,0,0,0,6,342,4,0,9,7,2,3,1,0,0,0,3,25,20,5,6,0,179,0,92,0,8,2,0.0,0,2005-05-25 12:57:09,1117025829,5,14,12,24
3658,9,8,400,5,17,0,343,0.2380952380952381,362,4,0,21,9,0,0,1,1,0,1,9,362,4,0,21,9,0,0,1,1,0,1,2,51,34,17,3,1,184,19,102,0,8,3,0.0475,1,2005-05-25 12:58:09,1117025889,5,10,21,42
3659,5,8,392,4,17,0,349,0.1173469387755102,374,4,0,9,3,1,0,0,0,0,0,11,374,4,0,9,3,1,0,0,0,0,0,18,24,17,7,1,0,185,0,94,0,8,2,0.0,0,2005-05-25 12:59:09,1117025949,4,11,17,34
3660,3,10,466,5,17,0,372,0.34549356223175964,382,47,0,24,7,0,1,0,0,5,0,8,382,47,0,24,7,0,1,0,0,5,0,1,80,71,9,13,0,200,40,158,0,4,0,0.08583690987124462,1,2005-05-25 13:00:09,1117026009,5,7,6,12
3661,11,7,400,3,17,0,356,0.1975,365,13,0,10,10,0,0,0,0,2,0,8,365,13,0,10,10,0,0,0,0,2,0,5,35,31,4,4,0,184,0,102,0,12,4,0.0,0,2005-05-25 13:01:09,1117026069,3,8,7,14
3662,21,8,426,6,11,0,369,0.24523809523809526,380,5,0,14,17,3,0,0,1,0,0,7,380,5,0,14,17,3,0,0,1,0,0,3,36,28,8,12,6,201,2,112,0,14,8,0.004694835680751174,1,2005-05-25 13:02:09,1117026129,6,6,18,36
3663,23,21,444,5,17,0,374,0.28378378378378377,396,4,0,17,23,1,3,0,0,0,0,5,396,4,0,17,23,1,3,0,0,0,0,12,48,38,10,10,0,209,5,110,0,10,20,0.011261261261261259,1,2005-05-25 13:03:09,1117026189,5,8,4,8
3664,26,19,776,4,17,0,699,0.1881443298969072,711,31,0,12,11,3,7,0,0,0,0,11,711,31,0,12,11,3,7,0,0,0,0,2,67,57,10,8,0,205,7,210,0,12,14,0.00902061855670103,2,2005-05-25 13:04:09,1117026249,4,6,9,18
3665,16,21,442,5,18,0,366,0.3212669683257919,385,27,0,9,11,1,6,1,0,0,0,12,385,27,0,9,11,1,6,1,0,0,0,1,69,51,18,6,0,198,12,110,0,10,12,0.027149321266968326,1,2005-05-25 13:05:09,1117026309,5,7,26,52
3666,6,3,344,5,17,0,322,0.09302325581395347,331,2,0,9,0,0,0,2,0,0,0,6,331,2,0,9,0,0,0,2,0,0,0,2,18,11,7,2,0,169,3,86,0,2,0,0.008720930232558141,1,2005-05-25 13:06:09,1117026369,5,6,15,30
3667,11,13,390,4,17,0,336,0.2205128205128205,351,18,0,11,6,2,0,0,0,1,0,12,351,18,0,11,6,2,0,0,0,1,0,11,37,33,4,6,0,187,2,108,0,8,4,0.005128205128205128,1,2005-05-25 13:07:09,1117026429,4,7,2,4
3668,13,12,416,5,26,0,372,0.15625,378,17,0,15,6,0,0,0,0,0,0,3,378,17,0,15,6,0,0,0,0,0,0,0,41,35,6,3,0,188,4,114,0,18,1,0.009615384615384616,1,2005-05-25 13:08:09,1117026489,4,7,8,16
3669,13,13,718,3,27,0,654,0.14763231197771587,674,11,0,20,8,0,3,0,0,2,0,8,674,11,0,20,8,0,3,0,0,2,0,1,60,41,19,3,0,198,15,186,0,20,0,0.020891364902506964,1,2005-05-25 13:09:09,1117026549,3,8,22,44
3670,8,27,432,3,27,0,371,0.4791666666666667,384,10,1,7,8,0,2,16,1,0,0,12,384,10,1,7,8,0,2,16,1,0,0,1,52,40,12,8,0,207,12,128,0,8,2,0.027777777777777776,1,2005-05-25 13:10:09,1117026609,3,12,5,10
3671,24,14,458,7,17,0,384,0.28602620087336245,401,17,0,27,5,1,4,0,3,0,0,7,401,17,0,27,5,1,4,0,3,0,0,12,60,55,5,2,0,211,1,136,0,6,2,0.002183406113537118,1,2005-05-25 13:11:09,1117026669,7,7,5,10
3672,30,28,476,5,19,0,395,0.6176470588235294,406,15,0,7,20,0,4,16,1,1,0,14,406,15,0,7,20,0,4,16,1,1,0,3,71,63,8,7,0,218,4,134,0,14,9,0.008403361344537815,2,2005-05-25 13:12:09,1117026729,5,6,10,20
3673,14,16,744,4,17,0,657,0.2903225806451613,671,6,1,50,2,1,8,0,0,2,0,12,671,6,1,50,2,1,8,0,0,2,0,3,68,57,11,16,0,209,2,158,0,12,8,0.0026881720430107533,1,2005-05-25 13:13:09,1117026789,4,8,13,26
3674,9,19,416,5,19,0,358,0.30288461538461536,377,9,0,14,3,0,8,0,1,3,1,9,377,9,0,14,3,0,8,0,1,3,1,12,44,37,7,2,0,198,3,104,0,14,13,0.007211538461538463,1,2005-05-25 13:14:09,1117026849,3,7,1,2
3675,11,9,488,4,17,0,415,0.2336065573770492,423,33,0,27,2,0,1,0,0,2,0,8,423,33,0,27,2,0,1,0,0,2,0,1,70,63,7,2,0,210,2,114,0,16,4,0.004098360655737704,1,2005-05-25 13:15:09,1117026909,4,7,7,14
3676,6,6,380,4,13,0,328,0.2368421052631579,341,11,0,23,1,0,0,2,1,0,0,11,341,11,0,23,1,0,0,2,1,0,0,1,50,38,12,1,0,179,0,98,0,10,2,0.0,0,2005-05-25 13:16:09,1117026969,4,7,4,8
3677,12,8,404,4,18,0,354,0.2079207920792079,365,19,0,7,11,0,0,0,0,0,2,9,365,19,0,7,11,0,0,0,0,0,2,1,47,37,10,2,0,186,1,94,0,16,8,0.0024752475247524753,1,2005-05-25 13:17:09,1117027029,4,10,15,30
3678,15,25,736,4,29,0,652,0.42255434782608703,675,14,0,14,7,0,0,17,2,0,0,24,675,14,0,14,7,0,0,17,2,0,0,13,69,59,10,2,0,220,0,158,0,10,3,0.0,0,2005-05-25 13:18:09,1117027089,4,7,5,10
3679,24,2,428,4,18,0,374,0.2733644859813084,384,3,0,27,3,4,7,0,0,0,0,5,384,3,0,27,3,4,7,0,0,0,0,1,45,37,8,8,0,199,0,94,0,8,2,0.0,0,2005-05-25 13:19:09,1117027149,4,7,5,10
3680,7,15,742,4,17,0,697,0.0876010781671159,712,9,0,12,4,5,0,0,0,0,0,4,712,9,0,12,4,5,0,0,0,0,0,5,36,26,10,4,0,209,1,170,0,16,4,0.0013477088948787065,1,2005-05-25 13:20:09,1117027209,4,8,23,46
3681,36,22,488,4,19,0,402,0.4938524590163935,426,12,0,12,13,3,0,16,2,1,0,12,426,12,0,12,13,3,0,16,2,1,0,19,62,57,5,5,0,223,2,140,0,14,3,0.004098360655737704,1,2005-05-25 13:21:09,1117027269,4,6,12,24
3682,16,11,420,9,24,0,377,0.2071428571428572,382,18,0,8,8,1,1,0,0,1,0,12,382,18,0,8,8,1,1,0,0,1,0,1,38,34,4,4,0,192,8,118,0,6,2,0.01904761904761905,1,2005-05-25 13:22:09,1117027329,5,9,1,2
3683,15,19,404,3,19,0,355,0.2747524752475248,363,13,0,8,4,14,0,1,0,1,0,8,363,13,0,8,4,14,0,1,0,1,0,1,45,38,7,3,0,186,4,86,0,14,8,0.0099009900990099,1,2005-05-25 13:23:09,1117027389,3,5,8,16
3684,9,8,380,4,17,0,337,0.18157894736842106,343,20,0,8,7,1,0,0,0,1,0,8,343,20,0,8,7,1,0,0,0,1,0,2,36,32,4,5,0,183,4,88,0,16,6,0.010526315789473684,1,2005-05-25 13:24:09,1117027449,4,6,13,26
3685,64,53,792,6,18,0,538,0.7777777777777778,579,97,0,7,9,44,41,8,7,0,0,7,579,97,0,7,9,44,41,8,7,0,0,15,237,211,26,2,0,289,10,164,0,16,10,0.012626262626262626,1,2005-05-25 13:25:09,1117027509,5,7,6,12
3686,3,39,758,6,17,0,642,0.18865435356200527,652,84,0,13,5,2,2,0,0,0,0,5,652,84,0,13,5,2,2,0,0,0,0,2,111,103,8,3,0,250,5,144,0,8,6,0.0065963060686015824,1,2005-05-25 13:26:09,1117027569,5,7,10,20
3687,99,93,1190,7,19,0,880,0.7596638655462185,897,105,0,18,7,82,76,2,2,1,0,8,897,105,0,18,7,82,76,2,2,1,0,8,295,286,9,7,0,268,7,266,0,22,16,0.005882352941176471,1,2005-05-25 13:27:09,1117027629,6,9,14,28
3688,11,9,350,7,14,0,316,0.2342857142857143,325,9,0,2,5,2,1,3,1,2,0,8,325,9,0,2,5,2,1,3,1,2,0,2,29,22,7,3,0,171,2,90,0,6,9,0.005714285714285714,1,2005-05-25 13:28:09,1117027689,5,8,13,26
3689,32,19,466,5,17,0,388,0.5,403,14,0,18,11,1,1,1,1,16,0,8,403,14,0,18,11,1,1,1,1,16,0,11,63,59,4,4,0,213,8,112,2,8,6,0.017167381974248927,1,2005-05-25 13:29:09,1117027749,5,8,3,6
3690,17,11,668,5,19,0,615,0.11676646706586828,622,27,0,12,5,1,0,0,0,1,0,8,622,27,0,12,5,1,0,0,0,1,0,1,38,32,6,14,0,186,0,144,2,14,13,0.0,0,2005-05-25 13:30:09,1117027809,5,7,31,62
3691,5,68,536,5,17,0,419,0.6641791044776121,427,36,0,5,8,41,6,0,12,1,0,8,427,36,0,5,8,41,6,0,12,1,0,4,109,105,4,4,0,246,0,118,0,10,53,0.0,0,2005-05-25 13:31:09,1117027869,5,7,10,20
3692,100,41,786,11,19,0,593,0.4274809160305344,605,105,0,20,48,1,4,0,1,2,0,8,605,105,0,20,48,1,4,0,1,2,0,8,182,178,4,3,0,288,0,164,0,16,35,0.0,0,2005-05-25 13:32:09,1117027929,9,9,14,28
3693,8,14,688,4,13,0,635,0.10058309037900874,656,13,0,4,8,3,0,2,0,0,0,6,656,13,0,4,8,3,0,2,0,0,0,13,35,27,8,3,2,204,0,166,0,8,2,0.0,0,2005-05-25 13:33:09,1117027989,4,9,5,10
3694,11,14,396,4,29,0,350,0.4202531645569621,361,11,0,10,6,0,1,0,0,1,0,24,361,11,0,10,6,0,1,0,0,1,0,5,36,30,6,4,1,188,0,104,0,14,4,0.0,0,2005-05-25 13:34:09,1117028049,4,7,5,10
3695,16,6,390,4,17,0,350,0.16153846153846155,360,6,0,21,1,1,0,0,0,1,0,8,360,6,0,21,1,1,0,0,0,1,0,2,36,28,8,2,0,189,0,90,0,10,2,0.0,0,2005-05-25 13:35:09,1117028109,4,7,6,12
3696,9,13,384,3,19,0,350,0.1640625,355,4,0,21,3,0,0,0,0,1,0,8,355,4,0,21,3,0,0,0,0,1,0,1,31,27,4,2,0,187,0,88,0,4,2,0.0,0,2005-05-25 13:36:09,1117028169,3,6,14,28
3697,21,24,840,4,17,0,724,0.26666666666666666,747,38,0,24,9,9,8,2,1,2,0,8,747,38,0,24,9,9,8,2,1,2,0,12,95,84,11,9,0,234,12,204,0,18,17,0.014285714285714284,2,2005-05-25 13:37:09,1117028229,4,8,12,24
3698,43,19,552,5,19,0,420,0.4547101449275362,430,54,0,20,44,1,1,0,0,2,0,8,430,54,0,20,44,1,1,0,0,2,0,6,118,114,4,8,0,223,5,104,0,6,3,0.009057971014492754,1,2005-05-25 13:38:09,1117028289,5,7,12,24
3699,35,49,558,5,17,0,428,0.5304659498207885,445,31,0,25,36,8,8,1,3,1,0,8,445,31,0,25,36,8,8,1,3,1,0,11,111,105,6,8,0,247,10,156,0,16,8,0.017921146953405017,1,2005-05-25 13:39:09,1117028349,5,7,12,24
3700,63,8,506,5,19,0,407,0.3960396039603961,421,15,0,28,39,1,0,0,0,1,0,8,421,15,0,28,39,1,0,0,0,1,0,10,84,80,4,4,1,240,0,116,0,12,3,0.0,0,2005-05-25 13:40:09,1117028409,5,7,5,10
3701,8,9,96,4,17,0,67,0.625,69,8,0,14,3,0,0,0,1,1,0,8,69,8,0,14,3,0,0,0,1,1,0,0,25,23,2,4,0,35,14,46,0,12,4,0.14583333333333334,2,2005-05-25 13:41:09,1117028469,4,9,16,32
3702,9,19,402,5,17,0,349,0.24875621890547264,355,15,0,17,11,2,2,0,0,0,0,5,355,15,0,17,11,2,2,0,0,0,0,2,44,40,4,7,0,194,7,106,0,8,3,0.017412935323383085,2,2005-05-25 13:42:09,1117028529,5,10,4,8
3703,28,35,808,5,18,0,708,0.2462871287128713,721,37,0,15,19,5,11,0,0,0,0,5,721,37,0,15,19,5,11,0,0,0,0,1,81,69,12,18,0,221,5,206,0,24,8,0.006188118811881188,1,2005-05-25 13:43:09,1117028589,5,7,23,46
3704,6,49,580,6,18,0,449,0.4310344827586207,478,46,0,5,14,36,0,0,0,1,0,8,478,46,0,5,14,36,0,0,0,1,0,19,108,98,10,4,0,242,40,124,0,14,65,0.06896551724137931,4,2005-05-25 13:44:09,1117028649,6,6,11,22
3705,41,5,642,3,17,0,576,0.22274143302180685,583,15,0,6,36,2,0,0,0,0,0,4,583,15,0,6,36,2,0,0,0,0,0,3,60,56,4,3,0,201,0,120,0,10,7,0.0,0,2005-05-25 13:45:09,1117028709,3,7,5,10
3706,27,11,418,4,19,0,370,0.23923444976076555,375,13,0,14,10,4,1,0,0,1,0,8,375,13,0,14,10,4,1,0,0,1,0,1,47,43,4,0,0,193,2,124,0,10,2,0.004784688995215311,1,2005-05-25 13:46:09,1117028769,4,7,2,4
3707,20,14,414,4,17,0,363,0.2463768115942029,370,9,0,25,2,6,1,0,0,1,0,8,370,9,0,25,2,6,1,0,0,1,0,0,50,43,7,1,0,191,7,98,0,12,4,0.016908212560386472,1,2005-05-25 13:47:09,1117028829,4,6,21,42
3708,11,20,418,5,11,0,360,0.22009569377990432,377,12,0,17,9,2,0,0,0,0,0,11,377,12,0,17,9,2,0,0,0,0,0,11,37,31,6,10,0,199,15,104,0,6,2,0.03588516746411483,2,2005-05-25 13:48:09,1117028889,5,8,8,16
3709,40,7,448,4,19,0,373,0.27293064876957496,383,19,0,39,4,0,1,0,0,1,0,8,383,19,0,39,4,0,1,0,0,1,0,5,68,63,5,1,1,216,6,114,0,8,1,0.013392857142857142,1,2005-05-25 13:49:09,1117028949,4,8,5,10
3710,3,44,494,3,17,0,407,0.29959514170040485,411,39,0,34,3,6,0,0,0,1,0,8,411,39,0,34,3,6,0,0,0,1,0,0,83,79,4,4,0,217,16,112,0,6,0,0.032388663967611336,2,2005-05-25 13:50:09,1117029009,3,6,8,16
3711,13,5,372,4,18,0,339,0.13440860215053765,348,11,0,6,5,0,1,0,1,0,0,7,348,11,0,6,5,0,1,0,1,0,0,5,26,22,4,2,0,180,8,96,0,8,0,0.021505376344086027,2,2005-05-25 13:51:09,1117029069,4,10,10,20
3712,5,6,374,11,17,0,341,0.0962566844919786,357,7,0,7,0,0,3,0,0,0,0,5,357,7,0,7,0,0,3,0,0,0,0,12,19,15,4,2,0,184,6,92,0,6,0,0.016042780748663103,2,2005-05-25 13:52:09,1117029129,7,11,12,24
3713,97,25,700,5,18,0,535,0.836676217765043,544,33,0,20,6,61,2,8,1,23,0,8,544,33,0,20,6,61,2,8,1,23,0,3,148,142,6,12,2,283,19,180,0,10,2,0.027142857142857142,1,2005-05-25 13:53:09,1117029189,5,8,9,18
3714,12,25,448,5,17,0,392,0.27901785714285715,398,12,0,9,24,3,1,1,0,0,0,6,398,12,0,9,24,3,1,1,0,0,0,2,48,44,4,6,0,205,0,118,0,6,2,0.0,0,2005-05-25 13:54:09,1117029249,5,7,36,72
3715,21,13,440,4,11,0,385,0.14772727272727273,403,20,0,11,3,1,2,0,0,0,0,5,403,20,0,11,3,1,2,0,0,0,0,13,40,35,5,2,0,196,4,106,0,6,0,0.00909090909090909,2,2005-05-25 13:55:09,1117029309,4,7,9,18
3716,5,18,368,3,17,0,328,0.1956521739130435,339,8,0,10,5,4,0,1,1,0,0,7,339,8,0,10,5,4,0,1,1,0,0,7,28,24,4,5,0,178,9,112,0,8,0,0.02445652173913044,2,2005-05-25 13:56:09,1117029369,3,7,10,20
3717,9,92,576,6,11,0,448,0.9027777777777778,459,21,0,6,3,5,51,19,7,5,0,8,459,21,0,6,3,5,51,19,7,5,0,5,96,90,6,27,0,268,3,132,0,12,7,0.005208333333333333,1,2005-05-25 13:57:09,1117029429,5,7,5,10
3718,4,8,764,4,11,0,619,0.19895287958115185,654,99,0,3,3,0,1,1,0,0,3,9,654,99,0,3,3,0,1,1,0,0,3,1,132,98,34,12,0,375,22,202,0,12,8,0.028795811518324606,1,2005-05-25 13:58:09,1117029489,4,8,22,44
3719,14,12,748,5,17,0,678,0.10575635876840696,703,24,0,12,5,0,2,1,0,0,0,6,703,24,0,12,5,0,2,1,0,0,0,13,54,42,12,2,1,206,10,190,0,14,1,0.013368983957219251,1,2005-05-25 13:59:09,1117029549,5,6,5,10
3720,28,10,422,4,19,0,369,0.3507109004739337,374,14,0,8,8,3,10,4,0,1,0,8,374,14,0,8,8,3,10,4,0,1,0,0,49,44,5,4,0,194,2,140,0,8,1,0.0047393364928909965,1,2005-05-25 14:00:09,1117029609,4,8,2,4
3721,22,18,422,6,17,0,356,0.3341232227488152,367,20,0,13,8,2,11,0,0,1,0,8,367,20,0,13,8,2,11,0,0,1,0,4,59,52,7,3,0,199,2,144,0,8,3,0.0047393364928909965,1,2005-05-25 14:01:09,1117029669,6,9,6,12
3722,14,7,416,5,11,0,372,0.163855421686747,383,14,0,6,7,4,1,0,0,0,0,5,383,14,0,6,7,4,1,0,0,0,0,2,39,30,9,2,1,184,10,132,0,4,0,0.02403846153846154,1,2005-05-25 14:02:09,1117029729,5,10,21,42
3723,12,6,406,5,18,0,360,0.17733990147783252,375,11,1,12,5,0,1,0,1,0,0,10,375,11,1,12,5,0,1,0,1,0,0,10,34,29,5,2,0,188,6,106,0,12,0,0.014778325123152709,1,2005-05-25 14:03:09,1117029789,5,6,13,26
3724,10,6,374,4,19,0,336,0.16890080428954424,352,6,0,8,3,0,0,0,0,4,0,8,352,6,0,8,3,0,0,0,0,4,0,10,27,21,6,0,1,180,2,92,0,10,0,0.0053475935828877,1,2005-05-25 14:04:09,1117029849,4,7,3,6
3725,5,9,662,5,17,0,632,0.07854984894259819,644,3,0,8,0,5,1,0,0,1,0,8,644,3,0,8,0,5,1,0,0,1,0,4,22,14,8,4,0,174,3,144,0,14,0,0.004531722054380665,1,2005-05-25 14:05:09,1117029909,3,6,14,28
3726,35,10,112,6,14,0,58,0.8918918918918919,60,28,0,14,3,3,2,0,0,0,0,12,60,28,0,14,3,3,2,0,0,0,0,1,49,48,1,3,1,50,0,50,0,4,0,0.0,0,2005-05-25 14:06:09,1117029969,6,6,5,10
3727,13,41,472,5,12,0,390,0.288135593220339,408,30,0,20,6,0,5,0,2,0,1,9,408,30,0,20,6,0,5,0,2,0,1,13,59,54,5,10,0,229,0,106,0,10,10,0.0,0,2005-05-25 14:07:09,1117030029,5,7,4,8
3728,9,7,366,6,17,0,337,0.1557377049180328,342,10,0,6,3,1,2,2,0,0,0,6,342,10,0,6,3,1,2,2,0,0,0,1,27,23,4,1,0,177,0,82,0,10,8,0.0,0,2005-05-25 14:08:09,1117030089,6,7,10,20
3729,11,8,380,4,18,0,348,0.15526315789473685,353,16,0,1,0,9,1,0,0,0,0,5,353,16,0,1,0,9,1,0,0,0,0,1,29,25,4,2,0,173,6,90,0,12,2,0.015789473684210527,1,2005-05-25 14:09:09,1117030149,4,6,11,22
3730,58,6,748,4,17,0,654,0.26336898395721925,677,29,0,5,7,13,17,0,0,0,0,5,677,29,0,5,7,13,17,0,0,0,0,15,76,68,8,3,0,214,0,144,0,2,0,0.0,0,2005-05-25 14:10:09,1117030209,4,6,13,26
3731,6,28,436,4,18,0,384,0.2482758620689655,397,8,0,9,5,13,3,0,0,0,0,5,397,8,0,9,5,13,3,0,0,0,0,7,40,34,6,4,1,199,1,102,0,8,4,0.0022935779816513767,1,2005-05-25 14:11:09,1117030269,4,6,10,20
3732,37,14,456,5,17,0,384,0.36622807017543857,389,28,0,19,3,1,12,2,0,2,0,8,389,28,0,19,3,1,12,2,0,2,0,1,62,58,4,9,0,193,11,106,2,12,2,0.02412280701754386,1,2005-05-25 14:12:09,1117030329,5,8,15,30
3733,6,18,416,4,18,0,362,0.30288461538461536,372,14,0,14,2,3,0,11,0,0,0,6,372,14,0,14,2,3,0,11,0,0,0,3,36,29,7,15,0,192,2,104,0,10,0,0.004807692307692308,1,2005-05-25 14:13:09,1117030389,4,8,25,50
3734,10,10,390,6,17,0,342,0.2128205128205128,361,9,0,12,0,1,3,1,1,0,2,9,361,9,0,12,0,1,3,1,1,0,2,14,28,23,5,6,0,191,1,110,2,2,3,0.002564102564102564,1,2005-05-25 14:14:09,1117030449,6,9,10,20
3735,9,5,634,4,18,0,603,0.08517350157728706,616,3,0,8,3,0,2,0,0,2,0,8,616,3,0,8,3,0,2,0,0,2,0,6,23,16,7,2,0,177,0,126,0,10,3,0.0,0,2005-05-25 14:15:09,1117030509,4,8,2,4
3736,6,6,346,4,17,0,321,0.10982658959537572,327,8,0,4,6,1,0,0,0,0,0,4,327,8,0,4,6,1,0,0,0,0,0,0,23,17,6,2,0,169,8,84,0,6,2,0.023121387283236997,1,2005-05-25 14:16:09,1117030569,4,7,5,10
3737,19,13,404,4,18,0,360,0.2698019801980198,365,7,0,15,4,7,4,2,0,0,0,6,365,7,0,15,4,7,4,2,0,0,0,1,40,36,4,3,0,181,6,106,2,12,5,0.01485148514851485,1,2005-05-25 14:17:09,1117030629,4,8,18,36
3738,8,12,400,4,17,0,348,0.1670886075949367,363,11,0,14,4,2,0,0,1,0,0,7,363,11,0,14,4,2,0,0,1,0,0,10,31,26,5,6,5,191,1,106,0,6,1,0.0025,1,2005-05-25 14:18:09,1117030689,4,7,8,16
3739,14,4,826,4,19,0,754,0.09079903147699757,801,9,1,6,3,1,1,3,0,1,0,10,801,9,1,6,3,1,1,3,0,1,0,10,59,22,37,3,0,303,10,232,0,14,0,0.012106537530266344,1,2005-05-25 14:19:09,1117030749,4,9,19,38
3740,17,24,432,9,17,0,365,0.42923433874709976,374,16,0,16,0,4,17,1,0,1,0,11,374,16,0,16,0,4,17,1,0,1,0,2,47,40,7,17,1,191,1,118,0,12,12,0.0023148148148148147,1,2005-05-25 14:20:09,1117030809,6,6,15,30
3741,9,9,392,4,18,0,358,0.17857142857142858,363,11,0,7,5,2,2,2,0,0,0,6,363,11,0,7,5,2,2,2,0,0,0,1,32,28,4,1,0,182,4,112,0,10,5,0.010204081632653059,1,2005-05-25 14:21:09,1117030869,4,9,16,32
3742,13,37,464,3,18,0,386,0.394396551724138,409,3,0,10,32,3,1,2,0,1,3,9,409,3,0,10,32,3,1,2,0,1,3,17,56,50,6,5,0,228,2,110,0,8,0,0.004310344827586207,1,2005-05-25 14:22:09,1117030929,3,10,7,14
3743,7,20,442,6,11,0,388,0.2782805429864253,399,14,3,15,4,3,2,0,1,1,0,10,399,14,3,15,4,3,2,0,1,1,0,5,40,34,6,9,0,193,0,122,0,14,6,0.0,0,2005-05-25 14:23:09,1117030989,6,7,2,4
3744,16,13,394,3,18,0,346,0.19035532994923854,352,22,0,14,2,2,1,1,0,0,0,6,352,22,0,14,2,2,1,1,0,0,0,1,46,41,5,1,0,183,0,98,0,4,6,0.0,0,2005-05-25 14:24:09,1117031049,3,6,14,28
3745,11,9,390,5,17,0,345,0.17435897435897435,357,10,0,17,1,4,1,0,0,0,0,5,357,10,0,17,1,4,1,0,0,0,0,7,35,30,5,3,0,192,0,90,0,8,0,0.0,0,2005-05-25 14:25:09,1117031109,5,7,10,20
3746,24,12,412,2,18,0,356,0.22815533980582525,372,8,0,21,2,7,2,0,0,0,0,5,372,8,0,21,2,7,2,0,0,0,0,12,43,39,4,1,0,199,4,90,0,10,0,0.009708737864077669,1,2005-05-25 14:26:09,1117031169,2,6,11,22
3747,5,32,744,4,18,0,663,0.13440860215053765,689,21,0,27,5,1,0,1,0,0,0,6,689,21,0,27,5,1,0,1,0,0,0,14,62,50,12,5,0,201,4,156,0,16,2,0.005376344086021507,1,2005-05-25 14:27:09,1117031229,4,7,9,18
3748,5,1,350,4,11,0,331,0.06857142857142857,337,5,0,6,1,1,0,0,0,0,0,4,337,5,0,6,1,1,0,0,0,0,0,1,16,11,5,2,0,170,0,90,0,6,0,0.0,0,2005-05-25 14:28:09,1117031289,4,5,14,28
3749,3,6,406,4,17,0,374,0.0812807881773399,391,7,0,4,2,0,0,2,0,0,0,6,391,7,0,4,2,0,0,2,0,0,0,10,19,12,7,3,0,185,2,94,0,14,1,0.0049261083743842365,1,2005-05-25 14:29:09,1117031349,4,5,4,8
3750,23,13,428,6,11,0,369,0.32009345794392524,374,22,0,10,5,13,0,0,4,0,0,7,374,22,0,10,5,13,0,0,4,0,0,0,55,50,5,4,0,201,12,104,0,10,0,0.02803738317757009,2,2005-05-25 14:30:09,1117031409,6,6,4,8
3751,7,14,718,5,17,0,653,0.1492329149232915,662,26,0,16,3,10,0,0,0,0,0,4,662,26,0,16,3,10,0,0,0,0,0,3,55,49,6,6,1,201,2,146,0,8,1,0.0027855153203342623,1,2005-05-25 14:31:09,1117031469,5,6,5,10
3752,21,4,780,6,19,0,686,0.09615384615384616,745,16,0,11,4,0,1,2,0,1,0,8,745,16,0,11,4,0,1,2,0,1,0,1,91,33,58,2,0,232,0,162,0,6,2,0.0,0,2005-05-25 14:32:09,1117031529,5,9,38,76
3753,47,44,554,4,17,0,426,0.4711191335740072,450,12,0,47,39,2,0,1,0,3,0,8,450,12,0,47,39,2,0,1,0,3,0,17,92,85,7,19,0,260,6,122,0,12,43,0.010830324909747292,2,2005-05-25 14:33:09,1117031589,4,7,5,10
3754,10,8,374,6,19,0,339,0.15508021390374332,349,9,0,7,7,0,0,1,0,1,0,8,349,9,0,7,7,0,0,1,0,1,0,6,28,24,4,1,0,179,0,98,0,8,0,0.0,0,2005-05-25 14:34:09,1117031649,5,6,43,86
3755,7,8,364,5,17,0,329,0.1401098901098901,335,17,0,8,2,1,0,0,0,1,0,8,335,17,0,8,2,1,0,0,0,1,0,2,32,28,4,1,0,178,0,88,0,10,1,0.0,0,2005-05-25 14:35:09,1117031709,5,6,16,32
3756,11,9,630,4,18,0,596,0.08108108108108109,602,11,0,9,6,1,0,0,0,0,0,4,602,11,0,9,6,1,0,0,0,0,0,0,30,24,6,3,1,172,0,136,0,10,2,0.0,0,2005-05-25 14:36:09,1117031769,4,6,2,4
3757,85,39,628,4,11,0,463,0.9156050955414012,484,17,0,7,4,70,24,22,0,0,0,6,484,17,0,7,4,70,24,22,0,0,0,13,149,141,8,3,0,266,2,142,0,10,4,0.0031847133757961785,1,2005-05-25 14:37:09,1117031829,4,7,4,8
3758,13,95,710,3,17,0,559,0.6014084507042253,578,22,2,9,47,43,3,5,0,0,1,10,578,22,2,9,47,43,3,5,0,0,1,1,109,91,18,41,0,348,6,154,0,20,40,0.008450704225352112,1,2005-05-25 14:38:09,1117031889,3,7,7,14
3759,153,41,1306,4,19,0,1000,0.6914241960183767,1031,70,0,33,51,57,25,25,6,3,5,9,1031,70,0,33,51,57,25,25,6,3,5,13,283,265,18,10,0,377,11,254,0,16,44,0.008422664624808576,2,2005-05-25 14:39:09,1117031949,4,11,25,50
3760,31,64,558,12,12,0,419,0.6283662477558348,439,47,0,4,0,55,1,9,1,0,1,9,439,47,0,4,0,55,1,9,1,0,1,10,122,112,10,6,1,267,0,152,0,6,5,0.0,0,2005-05-25 14:40:09,1117032009,7,8,31,62
3761,9,10,442,10,18,0,378,0.2443438914027149,389,37,2,7,2,2,2,0,0,0,0,13,389,37,2,7,2,2,2,0,0,0,0,7,39,35,4,18,0,203,10,118,0,10,1,0.022624434389140267,2,2005-05-25 14:41:09,1117032069,6,9,3,6
3762,8,18,370,5,17,0,326,0.41621621621621613,335,11,0,3,5,0,2,0,0,14,0,8,335,11,0,3,5,0,2,0,0,14,0,2,42,35,7,0,0,178,1,100,0,4,0,0.0027027027027027033,1,2005-05-25 14:42:09,1117032129,5,8,6,12
3763,7,8,392,4,19,0,348,0.17902813299232734,357,21,0,6,2,0,2,1,1,1,0,8,357,21,0,6,2,0,2,1,1,1,0,0,39,30,9,4,1,187,0,104,0,8,0,0.0,0,2005-05-25 14:43:09,1117032189,4,8,22,44
3764,7,7,388,17,17,0,333,0.18298969072164947,347,27,0,8,2,1,2,0,0,1,0,8,347,27,0,8,2,1,2,0,0,1,0,10,31,27,4,14,0,176,0,80,0,6,4,0.0,0,2005-05-25 14:44:09,1117032249,5,6,5,10
3765,25,64,510,2,19,0,403,0.6758349705304518,417,17,3,8,35,11,3,0,8,2,5,10,417,17,3,8,35,11,3,0,8,2,5,3,74,63,11,29,1,244,0,138,0,16,9,0.0,0,2005-05-25 14:45:09,1117032309,2,8,6,12
3766,19,11,766,9,17,0,694,0.2389033942558747,707,22,1,8,12,0,8,1,3,4,0,10,707,22,1,8,12,0,8,1,3,4,0,5,65,57,8,2,0,214,3,172,0,10,1,0.0039164490861618795,1,2005-05-25 14:46:09,1117032369,4,8,6,12
3767,16,4,86,8,18,0,62,0.6941176470588235,63,4,0,8,4,3,3,0,0,0,0,5,63,4,0,8,4,3,3,0,0,0,0,1,21,21,0,1,1,42,0,44,0,12,1,0.0,0,2005-05-25 14:47:09,1117032429,6,7,11,22
3768,12,19,410,3,17,0,357,0.3137254901960784,373,13,1,5,2,3,3,0,3,4,1,10,373,13,1,5,2,3,3,0,3,4,1,10,37,31,6,4,2,194,4,112,0,12,1,0.00975609756097561,1,2005-05-25 14:48:09,1117032489,3,6,4,8
3769,13,2,374,6,18,0,347,0.07219251336898395,354,15,0,4,0,1,0,0,0,0,0,4,354,15,0,4,0,1,0,0,0,0,0,2,24,19,5,1,0,174,8,86,0,10,0,0.0213903743315508,2,2005-05-25 14:49:09,1117032549,4,6,3,6
3770,12,9,372,6,12,0,334,0.25,338,14,0,4,0,9,7,0,0,0,0,5,338,14,0,4,0,9,7,0,0,0,0,0,34,30,4,4,0,174,4,96,0,4,0,0.010752688172043013,1,2005-05-25 14:50:09,1117032609,5,7,21,42
3771,6,11,376,3,17,0,342,0.096,351,16,0,7,0,0,0,1,0,0,0,6,351,16,0,7,0,0,0,1,0,0,0,5,27,23,4,1,1,184,0,86,0,8,0,0.0,0,2005-05-25 14:51:09,1117032669,3,8,4,8
3772,5,8,398,3,19,0,358,0.2141057934508816,379,6,4,3,2,0,1,0,0,1,0,14,379,6,4,3,2,0,1,0,0,1,0,11,25,15,10,3,1,181,2,112,0,4,0,0.005025125628140704,1,2005-05-25 14:52:09,1117032729,3,9,4,8
3773,10,16,936,4,18,0,867,0.11965811965811965,903,11,0,2,8,5,0,1,1,5,0,8,903,11,0,2,8,5,0,1,1,5,0,0,60,24,36,9,0,305,4,228,0,22,0,0.004273504273504274,1,2005-05-25 14:53:09,1117032789,4,8,5,10
3774,7,7,364,6,17,0,336,0.1153846153846154,342,9,0,6,7,0,0,0,0,0,0,3,342,9,0,6,7,0,0,0,0,0,0,2,23,19,4,3,0,171,7,98,0,8,0,0.019230769230769232,1,2005-05-25 14:54:09,1117032849,6,6,14,28
3775,8,11,428,4,13,0,382,0.1542056074766355,399,15,0,6,5,0,0,0,0,3,0,8,399,15,0,6,5,0,0,0,0,3,0,11,28,22,6,7,0,199,0,116,0,4,0,0.0,0,2005-05-25 14:55:09,1117032909,4,7,3,6
3776,5,7,356,4,18,0,331,0.10674157303370786,338,11,0,2,1,0,4,0,0,0,0,5,338,11,0,2,1,0,4,0,0,0,0,2,23,18,5,0,0,174,0,88,0,4,0,0.0,0,2005-05-25 14:56:09,1117032969,4,6,8,16
3777,7,1,360,4,17,0,338,0.1638888888888889,347,5,0,2,2,0,0,0,0,0,0,11,347,5,0,2,2,0,0,0,0,0,0,5,15,11,4,2,0,168,0,78,0,8,0,0.0,0,2005-05-25 14:57:09,1117033029,4,6,6,12
3778,9,9,406,5,18,0,361,0.270935960591133,368,20,0,9,4,1,0,0,0,0,0,14,368,20,0,9,4,1,0,0,0,0,0,2,41,36,5,2,0,190,0,88,0,8,0,0.0,0,2005-05-25 14:58:09,1117033089,5,6,12,24
3779,3,10,370,4,17,0,332,0.07837837837837837,354,7,0,5,4,0,0,0,0,0,0,3,354,7,0,5,4,0,0,0,0,0,0,18,18,14,4,2,0,178,0,88,0,6,0,0.0,0,2005-05-25 14:59:09,1117033149,4,6,10,20
3780,8,3,612,5,19,0,579,0.07352941176470587,589,13,0,6,2,0,0,1,0,1,0,8,589,13,0,6,2,0,0,1,0,1,0,1,30,21,9,2,0,243,16,174,0,8,0,0.026143790849673203,1,2005-05-25 15:00:09,1117033209,5,6,3,6
3781,25,15,896,5,13,0,814,0.15178571428571427,828,39,0,13,9,0,1,3,3,0,0,7,828,39,0,13,9,0,1,3,3,0,0,2,74,62,12,6,0,215,15,186,0,8,4,0.016741071428571428,2,2005-05-25 15:01:09,1117033269,5,10,16,32
3782,16,12,458,4,18,0,376,0.24890829694323144,386,49,1,18,1,2,0,0,0,1,0,10,386,49,1,18,1,2,0,0,0,1,0,1,69,60,9,12,0,209,4,122,0,6,10,0.008733624454148471,1,2005-05-25 15:02:09,1117033329,4,6,17,34
3783,17,53,578,7,17,0,441,0.4003466204506066,469,36,0,35,30,3,1,3,0,0,0,6,469,36,0,35,30,3,1,3,0,0,0,22,112,106,6,2,1,247,6,158,0,10,1,0.010380622837370242,1,2005-05-25 15:03:09,1117033389,6,6,25,50
3784,93,15,564,6,12,0,428,0.6897163120567376,447,11,2,38,25,12,21,2,6,0,0,10,447,11,2,38,25,12,21,2,6,0,0,0,134,115,19,2,0,273,6,176,0,0,9,0.010638297872340424,1,2005-05-25 15:04:09,1117033449,6,9,3,6
3785,30,25,312,3,18,0,202,0.7564102564102564,214,31,0,41,11,6,3,1,0,0,5,9,214,31,0,41,11,6,3,1,0,0,5,1,105,94,11,4,0,131,7,140,0,6,0,0.02243589743589744,1,2005-05-25 15:05:09,1117033509,3,8,15,30
3786,11,10,372,12,17,0,337,0.18867924528301888,344,12,0,7,1,3,1,0,1,1,1,9,344,12,0,7,1,3,1,0,1,1,1,0,33,26,7,1,1,180,2,100,0,10,0,0.005376344086021507,1,2005-05-25 15:06:09,1117033569,7,7,38,76
3787,48,16,918,6,19,0,782,0.3562091503267974,838,20,0,11,3,5,12,18,0,11,0,8,838,20,0,11,3,5,12,18,0,11,0,20,113,77,36,3,0,229,2,238,0,12,0,0.002178649237472767,1,2005-05-25 15:07:09,1117033629,4,9,18,36
3788,22,19,422,4,11,0,354,0.3412322274881517,366,16,0,21,4,3,10,2,0,0,0,6,366,16,0,21,4,3,10,2,0,0,0,2,64,54,10,2,0,202,2,124,0,0,0,0.0047393364928909965,1,2005-05-25 15:08:09,1117033689,4,7,13,26
3789,29,127,974,9,19,0,770,0.7317574511819116,802,16,3,49,37,4,7,16,7,27,5,10,802,16,3,49,37,4,7,16,7,27,5,10,139,117,22,54,1,320,18,240,0,14,9,0.018480492813141684,2,2005-05-25 15:09:09,1117033749,4,9,12,24
3790,51,14,490,4,17,0,382,0.7341513292433538,409,14,0,11,4,3,15,17,6,10,0,8,409,14,0,11,4,3,15,17,6,10,0,10,94,77,17,3,1,232,0,144,0,2,0,0.0,0,2005-05-25 15:10:09,1117033809,4,8,3,6
3791,7,13,374,8,19,0,331,0.2975871313672922,343,5,0,8,2,0,9,4,1,1,0,8,343,5,0,8,2,0,9,4,1,1,0,0,40,28,12,2,1,183,16,96,0,6,0,0.0427807486631016,2,2005-05-25 15:11:09,1117033869,4,11,2,4
3792,23,27,460,4,17,0,393,0.5869565217391305,407,5,0,1,3,14,3,16,1,10,0,8,407,5,0,1,3,14,3,16,1,10,0,2,65,53,12,0,0,207,0,108,0,6,0,0.0,0,2005-05-25 15:12:09,1117033929,4,9,3,6
3793,27,23,454,4,19,0,389,0.37969094922737306,395,16,0,10,3,22,5,1,0,1,0,8,395,16,0,10,3,22,5,1,0,1,0,0,62,56,6,2,1,191,4,120,0,14,0,0.00881057268722467,1,2005-05-25 15:13:09,1117033989,4,7,11,22
3794,17,11,662,3,17,0,607,0.17220543806646527,625,11,0,8,3,1,12,1,0,1,0,8,625,11,0,8,3,1,12,1,0,1,0,11,42,35,7,2,0,189,0,142,0,6,0,0.0,0,2005-05-25 15:14:09,1117034049,3,7,1,2
3795,46,23,502,5,17,0,405,0.7091633466135459,425,7,0,12,7,4,12,26,0,9,0,8,425,7,0,12,7,4,12,26,0,9,0,7,78,65,13,12,0,228,4,144,0,12,0,0.00796812749003984,1,2005-05-25 15:15:09,1117034109,5,8,22,44
3796,7,6,360,5,17,0,326,0.1361111111111111,334,12,0,6,7,1,0,0,0,0,0,4,334,12,0,6,7,1,0,0,0,0,0,2,31,25,6,1,0,172,4,100,0,4,0,0.011111111111111113,1,2005-05-25 15:16:09,1117034169,5,7,6,12
3797,11,41,722,4,11,0,647,0.3781163434903047,666,4,0,11,2,1,11,17,0,10,0,8,666,4,0,11,2,1,11,17,0,10,0,3,69,53,16,3,0,205,6,162,0,6,0,0.008310249307479225,1,2005-05-25 15:17:09,1117034229,4,9,12,24
3798,13,12,428,3,19,0,388,0.17289719626168226,403,2,0,18,2,0,0,0,1,1,0,15,403,2,0,18,2,0,0,0,1,1,0,11,29,25,4,0,0,178,0,102,0,6,0,0.0,0,2005-05-25 15:18:09,1117034289,3,6,3,6
3799,5,6,340,5,17,0,320,0.18823529411764706,324,4,0,5,2,0,0,1,1,2,0,15,324,4,0,5,2,0,0,1,1,2,0,0,16,12,4,4,0,164,2,82,0,6,0,0.005882352941176471,1,2005-05-25 15:19:09,1117034349,5,7,1,2
3800,3,7,602,4,19,0,550,0.05990016638935109,583,8,0,7,2,0,0,0,0,1,0,8,583,8,0,7,2,0,0,0,0,1,0,1,48,16,32,2,1,297,3,170,0,12,0,0.0049833887043189366,1,2005-05-25 15:20:09,1117034409,4,6,2,4
3801,11,8,690,4,17,0,634,0.08442503639010189,658,17,0,8,0,0,1,2,0,1,0,8,658,17,0,8,0,0,1,2,0,1,0,18,34,28,6,1,3,191,0,148,0,12,0,0.0,0,2005-05-25 15:21:09,1117034469,4,9,26,52
3802,3,8,748,3,11,0,721,0.04144385026737968,734,5,0,6,2,0,0,0,0,1,0,8,734,5,0,6,2,0,0,0,0,1,0,5,18,10,8,4,0,234,17,180,0,6,0,0.022727272727272728,1,2005-05-25 15:22:09,1117034529,3,9,15,30
3803,6,6,376,4,17,0,349,0.08776595744680851,363,2,0,6,4,0,0,0,1,0,0,7,363,2,0,6,4,0,0,0,1,0,0,10,16,12,4,1,0,178,4,82,0,10,0,0.010638297872340424,1,2005-05-25 15:23:09,1117034589,4,10,2,4
3804,8,3,352,4,18,0,329,0.06552706552706553,336,8,0,6,1,0,0,0,0,0,0,3,336,8,0,6,1,0,0,0,0,0,0,0,20,13,7,2,1,169,3,82,0,8,0,0.008522727272727272,1,2005-05-25 15:24:09,1117034649,4,11,17,34
3805,11,11,410,6,14,0,357,0.2073170731707317,362,27,0,12,6,1,0,2,0,0,0,6,362,27,0,12,6,1,0,2,0,0,0,0,43,38,5,10,0,177,0,96,0,12,3,0.0,0,2005-05-25 15:25:09,1117034709,5,9,4,8
3806,5,11,366,4,17,0,323,0.1557377049180328,339,13,0,5,4,4,0,1,0,0,0,6,339,13,0,5,4,4,0,1,0,0,0,11,28,23,5,4,0,177,0,96,0,8,3,0.0,0,2005-05-25 15:26:09,1117034769,4,5,5,10
3807,41,41,794,8,18,0,698,0.4332493702770781,708,6,0,18,4,4,52,0,2,0,0,7,708,6,0,18,4,4,52,0,2,0,0,2,90,82,8,4,0,207,0,156,0,12,0,0.0,0,2005-05-25 15:27:09,1117034829,5,6,10,20
3808,6,8,358,4,17,0,332,0.13128491620111732,337,7,0,8,1,4,1,0,0,0,0,5,337,7,0,8,1,4,1,0,0,0,0,1,22,18,4,3,0,174,2,88,0,10,0,0.00558659217877095,1,2005-05-25 15:28:09,1117034889,4,5,13,26
3809,4,6,404,4,18,0,371,0.06930693069306931,388,8,0,4,4,0,0,0,0,0,0,3,388,8,0,4,4,0,0,0,0,0,0,15,17,15,2,1,0,183,8,86,0,12,1,0.0198019801980198,2,2005-05-25 15:29:09,1117034949,4,7,29,58
3810,77,14,678,6,17,0,485,0.40472673559822747,552,42,0,63,11,2,2,0,0,0,0,11,552,42,0,63,11,2,2,0,0,0,0,1,189,123,66,2,1,331,111,150,0,20,8,0.16371681415929204,3,2005-05-25 15:30:09,1117035009,6,8,2,4
3811,82,7,572,3,18,0,434,0.3992994746059544,442,44,0,76,4,5,0,0,0,0,0,4,442,44,0,76,4,5,0,0,0,0,0,1,136,129,7,0,1,276,29,122,0,14,0,0.050699300699300696,2,2005-05-25 15:31:09,1117035069,3,8,14,28
3812,36,5,442,8,17,0,364,0.4253393665158371,374,31,0,8,2,0,27,0,0,0,0,5,374,31,0,8,2,0,27,0,0,0,0,2,48,40,8,28,0,215,9,96,0,6,1,0.020361990950226245,1,2005-05-25 15:32:09,1117035129,5,8,19,38
3813,10,47,764,7,15,0,665,0.3232984293193717,683,26,0,19,4,0,28,3,0,0,0,13,683,26,0,19,4,0,28,3,0,0,0,10,85,77,8,4,0,241,4,144,0,10,9,0.005235602094240838,1,2005-05-25 15:33:09,1117035189,4,7,2,4
3814,42,40,520,5,17,0,411,0.6011560693641619,422,23,0,17,23,2,23,4,1,4,0,8,422,23,0,17,23,2,23,4,1,4,0,7,95,91,4,6,1,215,10,136,0,6,0,0.019230769230769232,2,2005-05-25 15:34:09,1117035249,5,7,13,26
3815,12,4,408,4,18,0,358,0.13480392156862744,372,25,0,7,3,0,0,0,1,0,0,7,372,25,0,7,3,0,0,0,1,0,0,7,43,36,7,0,0,191,22,104,0,8,0,0.05392156862745098,2,2005-05-25 15:35:09,1117035309,4,7,16,32
3816,6,8,352,5,17,0,323,0.14772727272727273,328,10,1,9,3,0,1,0,0,0,0,10,328,10,1,9,3,0,1,0,0,0,0,0,26,21,5,3,0,167,5,100,0,4,0,0.014204545454545452,1,2005-05-25 15:36:09,1117035369,5,6,5,10
3817,8,12,640,3,17,0,586,0.1296875,605,15,0,11,3,0,1,3,2,0,0,7,605,15,0,11,3,0,1,3,2,0,0,12,29,22,7,13,0,199,19,146,0,8,0,0.0296875,2,2005-05-25 15:37:09,1117035429,3,6,8,16
3818,13,112,930,4,17,0,743,0.3548387096774194,761,43,0,98,23,3,2,0,0,0,0,5,761,43,0,98,23,3,2,0,0,0,0,2,174,158,16,11,0,320,30,200,2,16,3,0.03225806451612903,1,2005-05-25 15:38:09,1117035489,4,9,1,2
3819,23,9,580,7,18,0,440,0.6333333333333333,449,14,0,6,75,20,6,0,0,0,0,5,449,14,0,6,75,20,6,0,0,0,0,3,125,119,6,2,10,284,44,158,0,10,6,0.07586206896551724,1,2005-05-25 15:39:09,1117035549,7,7,13,26
3820,25,41,902,7,17,0,710,0.5144124168514412,733,28,0,25,84,28,3,0,1,0,0,7,733,28,0,25,84,28,3,0,1,0,0,12,177,166,11,3,0,312,39,278,0,14,4,0.043237250554323724,2,2005-05-25 15:40:09,1117035609,5,7,10,20
3821,26,17,862,7,18,0,731,0.40835266821345706,748,9,0,17,61,19,4,1,1,1,1,9,748,9,0,17,61,19,4,1,1,1,1,7,122,112,10,2,0,267,13,208,0,14,5,0.01508120649651972,2,2005-05-25 15:41:09,1117035669,7,7,4,8
3822,39,17,550,5,17,0,430,0.5454545454545454,435,23,0,35,33,16,6,0,2,0,0,7,435,23,0,35,33,16,6,0,2,0,0,0,119,114,5,1,0,254,20,166,0,8,0,0.03636363636363636,2,2005-05-25 15:42:09,1117035729,5,8,3,6
3823,25,16,498,5,15,0,398,0.4939759036144578,406,29,0,10,37,4,8,2,1,0,0,11,406,29,0,10,37,4,8,2,1,0,0,0,99,91,8,1,0,238,44,128,0,6,1,0.08835341365461848,3,2005-05-25 15:43:09,1117035789,5,10,13,26
3824,18,19,484,4,19,0,389,0.36645962732919257,408,27,0,24,14,1,0,8,0,1,0,8,408,27,0,24,14,1,0,8,0,1,0,11,79,71,8,4,1,220,10,124,0,8,0,0.02066115702479339,1,2005-05-25 15:44:09,1117035849,4,7,8,16
3825,19,23,428,5,17,0,364,0.26635514018691586,375,16,0,18,18,0,0,0,0,1,0,8,375,16,0,18,18,0,0,0,0,1,0,1,60,50,10,3,0,206,16,118,0,8,1,0.037383177570093455,2,2005-05-25 15:45:09,1117035909,3,6,25,50
3826,121,35,1004,9,18,0,759,0.4362549800796813,774,84,0,116,13,12,1,2,1,0,0,11,774,84,0,116,13,12,1,2,1,0,0,0,234,219,15,11,0,370,35,222,0,34,35,0.0348605577689243,1,2005-05-25 15:46:09,1117035969,5,6,5,10
3827,41,10,766,4,17,0,682,0.21148825065274152,699,21,0,19,10,14,1,2,0,0,0,6,699,21,0,19,10,14,1,2,0,0,0,8,71,62,9,5,0,205,6,200,2,12,2,0.007832898172323759,1,2005-05-25 15:47:09,1117036029,4,8,44,88
3828,9,6,386,3,18,0,339,0.1088082901554404,365,8,0,7,5,0,1,0,0,0,0,5,365,8,0,7,5,0,1,0,0,0,0,15,30,19,11,2,0,186,0,96,0,8,1,0.0,0,2005-05-25 15:48:09,1117036089,3,6,5,10
3829,3,15,366,3,17,0,339,0.11475409836065575,346,6,0,6,8,0,0,0,0,0,0,3,346,6,0,6,8,0,0,0,0,0,0,1,25,19,6,1,0,170,0,88,0,8,0,0.0,0,2005-05-25 15:49:09,1117036149,3,7,3,6
3830,9,5,334,19,19,0,308,0.1467065868263473,315,8,1,6,1,2,0,0,0,1,0,10,315,8,1,6,1,2,0,0,0,1,0,3,20,16,4,3,0,159,2,84,0,4,0,0.00598802395209581,2,2005-05-25 15:50:09,1117036209,5,5,6,12
3831,4,7,346,6,17,0,324,0.10404624277456648,330,7,0,5,1,2,0,0,0,1,0,8,330,7,0,5,1,2,0,0,0,1,0,1,19,14,5,2,0,170,2,86,0,6,0,0.005780346820809247,1,2005-05-25 15:51:09,1117036269,6,6,12,24
3832,12,27,424,7,19,0,368,0.2617924528301887,382,22,0,4,6,1,1,3,4,1,0,8,382,22,0,4,6,1,1,3,4,1,0,10,29,25,4,17,0,207,16,102,0,10,1,0.03773584905660377,2,2005-05-25 15:52:09,1117036329,5,7,6,12
3833,14,23,432,4,17,0,368,0.3773148148148148,378,19,0,12,6,0,9,6,0,1,0,13,378,19,0,12,6,0,9,6,0,1,0,6,41,37,4,17,0,211,8,114,0,10,10,0.018518518518518517,2,2005-05-25 15:53:09,1117036389,4,7,10,20
3834,16,104,942,8,15,0,758,0.34006376195536664,776,50,0,89,20,1,2,3,0,0,0,6,776,50,0,89,20,1,2,3,0,0,0,1,173,156,17,9,1,322,7,198,0,16,3,0.007430997876857749,1,2005-05-25 15:54:09,1117036449,6,9,9,18
3835,14,14,460,4,19,0,392,0.29347826086956524,413,20,0,8,12,2,0,0,0,2,0,13,413,20,0,8,12,2,0,0,0,2,0,13,46,38,8,9,0,197,21,132,0,16,7,0.04565217391304348,2,2005-05-25 15:55:09,1117036509,4,9,19,38
3836,67,35,536,19,19,0,408,0.6417910447761194,423,35,2,30,16,12,5,0,6,1,5,13,423,35,2,30,16,12,5,0,6,1,5,1,124,110,14,3,0,229,7,182,0,10,14,0.013059701492537313,2,2005-05-25 15:56:09,1117036569,5,7,12,24
3837,57,7,490,4,17,0,391,0.2795918367346939,410,56,0,8,11,2,0,0,1,1,1,9,410,56,0,8,11,2,0,0,1,1,1,8,89,78,11,2,0,209,6,144,0,6,1,0.012244897959183671,1,2005-05-25 15:57:09,1117036629,4,8,4,8
3838,16,14,370,7,11,0,324,0.24864864864864866,333,11,0,13,4,6,1,0,2,0,0,7,333,11,0,13,4,6,1,0,2,0,0,3,38,32,6,5,0,176,5,98,0,6,6,0.013513513513513514,1,2005-05-25 15:58:09,1117036689,5,6,38,76
3839,18,5,700,4,19,0,648,0.08285714285714285,671,19,0,4,3,0,0,0,2,1,0,8,671,19,0,4,3,0,0,0,2,1,0,13,38,28,10,1,0,190,0,146,0,8,2,0.0,0,2005-05-25 15:59:09,1117036749,4,6,13,26
3840,8,21,392,5,17,0,340,0.3043478260869565,352,12,0,10,3,2,8,0,2,2,0,8,352,12,0,10,3,2,8,0,2,2,0,0,43,31,12,8,1,186,2,110,0,8,1,0.005102040816326529,1,2005-05-25 16:00:09,1117036809,5,7,2,4
3841,23,10,406,4,19,0,347,0.2955665024630542,365,7,0,11,7,14,0,1,0,1,0,8,365,7,0,11,7,14,0,1,0,1,0,7,49,38,11,3,0,197,2,104,0,6,3,0.0049261083743842365,1,2005-05-25 16:01:09,1117036869,4,7,6,12
3842,24,16,406,8,17,0,355,0.29310344827586204,362,9,0,18,1,12,3,0,0,1,0,8,362,9,0,18,1,12,3,0,0,1,0,2,46,41,5,3,0,187,15,106,0,6,0,0.036945812807881784,1,2005-05-25 16:02:09,1117036929,5,7,13,26
3843,51,26,746,4,19,0,632,0.36693548387096775,657,34,0,7,14,3,13,11,0,5,0,8,657,34,0,7,14,3,13,11,0,5,0,17,93,85,8,2,2,215,10,178,0,12,4,0.013404825737265416,1,2005-05-25 16:03:09,1117036989,4,9,33,66
3844,11,12,386,3,17,0,341,0.2512953367875648,350,14,0,11,1,3,2,2,0,3,0,8,350,14,0,11,1,3,2,2,0,3,0,5,36,32,4,4,0,186,5,112,0,4,4,0.01295336787564767,1,2005-05-25 16:04:09,1117037049,3,10,17,34
3845,13,21,536,3,19,0,336,0.3208955223880597,423,79,0,17,15,0,0,1,0,1,0,8,423,79,0,17,15,0,0,1,0,1,0,10,185,108,77,5,0,261,0,106,0,8,1,0.0,0,2005-05-25 16:05:09,1117037109,3,8,35,70
3846,13,10,534,6,17,0,345,0.2626641651031895,428,89,0,9,4,0,0,1,1,1,0,8,428,89,0,9,4,0,0,1,1,1,0,8,173,98,75,7,1,262,4,106,0,10,3,0.00749063670411985,1,2005-05-25 16:06:09,1117037169,6,8,2,4
3847,17,19,1580,4,15,0,1449,0.08037974683544304,1524,28,0,14,4,1,1,6,2,0,0,7,1524,28,0,14,4,1,1,6,2,0,0,12,108,45,63,11,0,491,54,418,0,28,6,0.03417721518987342,3,2005-05-25 16:07:09,1117037229,4,7,2,4
3848,10,8,348,5,20,0,313,0.20402298850574715,322,14,0,6,1,1,1,0,0,1,0,14,322,14,0,6,1,1,1,0,0,1,0,0,33,24,9,2,0,168,4,92,0,8,4,0.011494252873563218,2,2005-05-25 16:08:09,1117037289,5,11,12,24
3849,15,10,706,4,18,0,655,0.14589235127478753,669,14,0,6,11,2,0,0,0,2,1,11,669,14,0,6,11,2,0,0,0,2,1,3,43,32,11,5,0,184,0,176,0,16,1,0.0,0,2005-05-25 16:09:09,1117037349,4,6,22,44
3850,17,36,716,7,17,0,504,0.8519553072625698,522,23,0,6,122,33,5,0,1,2,0,17,522,23,0,6,122,33,5,0,1,2,0,10,195,187,8,7,0,346,24,194,0,10,14,0.0335195530726257,1,2005-05-25 16:10:09,1117037409,5,7,3,6
3851,7,15,654,4,19,0,612,0.12079510703363915,622,18,0,3,2,3,2,2,1,1,0,8,622,18,0,3,2,3,2,2,1,1,0,1,40,31,9,1,0,185,0,132,0,16,10,0.0,0,2005-05-25 16:11:09,1117037469,4,7,10,20
3852,28,59,756,6,11,0,515,1.0013227513227514,535,11,3,4,157,26,9,0,5,1,5,10,535,11,3,4,157,26,9,0,5,1,5,6,210,196,14,25,0,372,7,204,0,20,14,0.009259259259259259,1,2005-05-25 16:12:09,1117037529,6,7,3,6
3853,9,7,384,4,17,0,352,0.13020833333333334,361,7,0,12,2,0,1,0,0,1,0,8,361,7,0,12,2,0,1,0,0,1,0,2,26,19,7,4,0,175,5,100,0,8,0,0.013020833333333334,1,2005-05-25 16:13:09,1117037589,4,6,12,24
3854,10,9,432,4,11,0,365,0.1902552204176334,380,36,0,11,0,1,0,1,2,0,0,7,380,36,0,11,0,1,0,1,2,0,0,11,51,47,4,4,1,198,0,100,0,10,2,0.0,0,2005-05-25 16:14:09,1117037649,4,6,4,8
3855,92,7,568,4,17,0,444,0.8133802816901409,456,5,0,9,7,56,24,7,0,4,0,8,456,5,0,9,7,56,24,7,0,4,0,2,121,111,10,1,0,267,0,114,0,12,6,0.0,0,2005-05-25 16:15:09,1117037709,4,7,0,0
3856,8,90,932,6,19,0,814,0.5203862660944206,825,12,0,9,2,0,58,24,1,1,0,8,825,12,0,9,2,0,58,24,1,1,0,1,113,103,10,4,0,253,0,180,0,16,10,0.0,0,2005-05-25 16:16:09,1117037769,5,7,12,24
3857,9,16,554,4,17,0,427,0.3194945848375451,433,97,0,13,5,0,1,2,2,1,0,8,433,97,0,13,5,0,1,2,2,1,0,1,122,117,5,4,0,265,0,124,0,8,6,0.0,0,2005-05-25 16:17:09,1117037829,4,6,15,30
3858,8,2,372,4,19,0,337,0.12096774193548387,356,7,1,3,3,0,1,0,0,1,0,10,356,7,1,3,3,0,1,0,0,1,0,15,18,14,4,2,0,181,3,82,0,4,0,0.008064516129032258,1,2005-05-25 16:18:09,1117037889,4,7,4,8
3859,2,17,374,4,17,0,345,0.17647058823529413,353,4,0,4,7,1,3,1,0,1,0,8,353,4,0,4,7,1,3,1,0,1,0,2,22,16,6,5,0,175,1,86,0,10,0,0.00267379679144385,1,2005-05-25 16:19:09,1117037949,4,6,4,8
3860,8,3,366,4,19,0,331,0.15300546448087432,341,13,0,8,0,0,1,1,0,2,0,8,341,13,0,8,0,0,1,1,0,2,0,5,29,24,5,1,0,175,0,90,0,6,0,0.0,0,2005-05-25 16:20:09,1117038009,4,9,4,8
3861,5,5,360,4,17,0,333,0.1,341,11,0,4,3,0,0,0,0,1,0,8,341,11,0,4,3,0,0,0,0,1,0,3,23,18,5,1,0,167,0,82,0,10,0,0.0,0,2005-05-25 16:21:09,1117038069,4,8,12,24
3862,6,11,502,6,17,0,396,0.5,412,3,0,8,63,10,0,0,0,0,0,4,412,3,0,8,63,10,0,0,0,0,0,11,88,83,5,1,6,247,3,118,0,4,0,0.0059760956175298795,1,2005-05-25 16:22:09,1117038129,4,5,3,6
3863,3,22,546,4,19,0,428,0.5915750915750916,437,14,0,5,68,18,3,0,0,1,0,8,437,14,0,5,68,18,3,0,0,1,0,1,115,107,8,2,0,261,0,136,0,10,4,0.0,0,2005-05-25 16:23:09,1117038189,4,6,7,14
3864,32,9,468,4,17,0,385,0.5277777777777778,394,22,0,6,27,10,0,0,0,1,4,12,394,22,0,6,27,10,0,0,0,1,4,2,79,72,7,2,0,221,0,120,0,8,0,0.0,0,2005-05-25 16:24:09,1117038249,4,7,9,18
3865,24,21,826,5,18,0,630,0.5907990314769975,655,26,0,15,106,18,3,0,0,0,3,9,655,26,0,15,106,18,3,0,0,0,3,17,168,160,8,11,0,325,0,236,0,18,6,0.0,0,2005-05-25 16:25:09,1117038309,5,7,16,32
3866,2,9,352,5,17,0,331,0.17613636363636365,337,6,0,0,3,2,0,0,0,0,3,12,337,6,0,0,3,2,0,0,0,0,3,1,16,11,5,4,0,171,1,90,0,4,2,0.002840909090909091,1,2005-05-25 16:26:09,1117038369,5,5,4,8
3867,13,5,394,4,18,0,357,0.24111675126903556,363,12,0,4,3,9,0,1,0,0,0,12,363,12,0,4,3,9,0,1,0,0,0,2,33,29,4,2,0,178,0,86,0,12,3,0.0,0,2005-05-25 16:27:09,1117038429,4,6,4,8
3868,63,19,512,4,17,0,412,0.537109375,421,37,0,12,9,8,3,18,0,4,0,8,421,37,0,12,9,8,3,18,0,4,0,3,92,86,6,5,0,222,8,128,0,10,2,0.015625,1,2005-05-25 16:28:09,1117038489,4,7,15,30
3869,83,22,1184,4,18,0,996,0.25506756756756754,1036,79,0,26,15,14,14,0,0,0,0,5,1036,79,0,26,15,14,14,0,0,0,0,10,177,147,30,1,0,541,31,276,0,22,11,0.026182432432432432,2,2005-05-25 16:29:09,1117038549,4,7,20,40
3870,66,5,514,8,17,0,413,0.4085603112840467,423,46,0,8,18,5,12,1,0,1,0,8,423,46,0,8,18,5,12,1,0,1,0,5,93,88,5,3,0,241,39,146,0,8,0,0.07587548638132295,2,2005-05-25 16:30:09,1117038609,5,7,44,88
3871,6,5,914,3,11,0,858,0.03391684901531729,899,4,0,8,2,0,1,0,0,0,0,5,899,4,0,8,2,0,1,0,0,0,0,11,44,14,30,1,0,454,0,214,0,14,0,0.0,0,2005-05-25 16:31:09,1117038669,3,6,5,10
3872,25,126,972,8,18,0,780,0.3775720164609053,800,69,0,55,21,12,14,0,1,0,0,7,800,69,0,55,21,12,14,0,1,0,0,6,140,126,14,46,0,289,13,220,0,14,0,0.01337448559670782,1,2005-05-25 16:32:09,1117038729,6,9,15,30
3873,5,10,396,4,18,0,356,0.11868686868686867,373,11,0,6,3,0,3,0,0,0,0,5,373,11,0,6,3,0,3,0,0,0,0,11,28,22,6,1,0,184,1,102,0,10,2,0.002525252525252525,1,2005-05-25 16:33:09,1117038789,4,7,1,2
3874,4,4,332,7,17,0,316,0.05421686746987952,320,8,0,2,2,0,0,0,0,0,0,3,320,8,0,2,2,0,0,0,0,0,0,0,14,10,4,2,0,162,7,76,0,6,0,0.021084337349397592,1,2005-05-25 16:34:09,1117038849,6,6,5,10
3875,11,14,420,5,11,0,366,0.2785714285714286,373,23,0,6,4,0,14,0,0,0,0,5,373,23,0,6,4,0,14,0,0,0,0,3,48,44,4,3,0,201,0,100,0,8,4,0.0,0,2005-05-25 16:35:09,1117038909,5,6,19,38
3876,48,9,504,7,11,0,382,0.2619047619047619,412,76,0,12,0,0,0,0,0,4,0,8,412,76,0,12,0,0,0,0,0,4,0,5,113,88,25,4,0,227,4,100,0,8,8,0.007936507936507936,1,2005-05-25 16:36:09,1117038969,7,7,2,4
3877,3,8,382,4,17,0,340,0.16230366492146595,357,14,0,1,2,0,8,0,0,0,0,5,357,14,0,1,2,0,8,0,0,0,0,11,28,22,6,3,0,186,6,82,0,8,0,0.015706806282722512,2,2005-05-25 16:37:09,1117039029,4,8,22,44
3878,12,13,400,4,19,0,357,0.2725,361,18,0,3,3,5,6,3,0,1,0,8,361,18,0,3,3,5,6,3,0,1,0,0,41,37,4,2,0,187,5,102,0,6,2,0.0125,1,2005-05-25 16:38:09,1117039089,4,8,1,2
3879,10,4,664,4,19,0,619,0.09186746987951808,636,14,0,8,2,0,1,2,0,1,0,8,636,14,0,8,2,0,1,2,0,1,0,9,36,28,8,0,0,182,2,142,0,10,0,0.0030120481927710845,1,2005-05-25 16:39:09,1117039149,4,7,19,38
3880,11,3,390,4,13,0,367,0.10025706940874037,372,7,0,5,2,1,0,2,0,0,0,6,372,7,0,5,2,1,0,2,0,0,0,1,20,16,4,1,1,171,6,116,0,6,0,0.015384615384615384,1,2005-05-25 16:40:09,1117039209,3,7,5,10
3881,10,7,440,4,29,0,369,0.2305936073059361,404,19,0,8,3,1,0,0,1,0,0,23,404,19,0,8,3,1,0,0,1,0,0,27,37,29,8,5,2,197,6,118,0,10,0,0.013636363636363636,1,2005-05-25 16:41:09,1117039269,4,8,20,40
3882,35,0,392,10,19,0,349,0.35459183673469385,354,10,0,2,4,0,21,0,0,1,0,8,354,10,0,2,4,0,21,0,0,1,0,0,42,37,5,1,0,193,10,96,0,6,1,0.025510204081632654,1,2005-05-25 16:42:09,1117039329,6,7,4,8
3883,12,38,662,4,17,0,594,0.3459214501510574,603,15,0,6,2,0,27,3,5,1,0,8,603,15,0,6,2,0,27,3,5,1,0,1,66,58,8,1,0,203,7,148,0,10,0,0.010574018126888218,1,2005-05-25 16:43:09,1117039389,4,7,13,26
3884,11,4,402,4,19,0,355,0.14925373134328354,374,16,0,6,1,1,2,0,1,1,0,8,374,16,0,6,1,1,2,0,1,1,0,12,33,26,7,2,0,191,2,102,0,8,0,0.0049751243781094535,1,2005-05-25 16:44:09,1117039449,4,8,14,28
3885,55,6,540,4,17,0,429,0.4185185185185185,433,48,0,4,54,0,0,0,0,1,0,8,433,48,0,4,54,0,0,0,0,1,0,0,107,103,4,4,0,255,8,92,0,8,0,0.014814814814814815,1,2005-05-25 16:45:09,1117039509,4,6,3,6
3886,50,6,430,5,19,0,362,0.5069767441860465,368,7,0,8,3,41,0,0,2,1,0,8,368,7,0,8,3,41,0,0,2,1,0,1,64,59,5,3,0,208,0,88,0,6,0,0.0,0,2005-05-25 16:46:09,1117039569,5,7,7,14
3887,17,13,392,3,12,0,346,0.2755102040816326,360,7,0,12,5,0,0,0,2,6,0,8,360,7,0,12,5,0,0,0,2,6,0,10,34,30,4,2,0,188,0,106,0,2,5,0.0,0,2005-05-25 16:47:09,1117039629,3,8,26,52
3888,19,42,480,4,17,0,395,0.4354166666666667,410,24,0,5,0,39,0,0,0,1,0,11,410,24,0,5,0,39,0,0,0,1,0,11,71,67,4,3,0,230,0,102,0,6,1,0.0,0,2005-05-25 16:48:09,1117039689,4,12,12,24
3889,33,64,934,4,19,0,766,0.3436830835117773,780,72,0,20,58,1,0,0,0,2,0,15,780,72,0,20,58,1,0,0,0,2,0,6,159,151,8,3,0,281,2,182,0,12,1,0.002141327623126339,1,2005-05-25 16:49:09,1117039749,4,13,4,8
3890,10,11,368,4,11,0,339,0.16847826086956522,344,10,0,8,2,0,0,0,2,2,0,8,344,10,0,8,2,0,0,0,2,2,0,1,26,22,4,2,0,173,2,88,0,6,0,0.005434782608695652,1,2005-05-25 16:50:09,1117039809,4,7,13,26
3891,8,12,386,4,19,0,355,0.17357512953367876,360,9,0,6,8,0,0,1,0,2,0,8,360,9,0,6,8,0,0,1,0,2,0,1,22,18,4,8,0,176,2,84,0,12,5,0.0051813471502590676,1,2005-05-25 16:51:09,1117039869,4,11,15,30
3892,4,10,342,7,17,0,309,0.1608187134502924,323,3,0,6,7,0,1,1,0,1,0,8,323,3,0,6,7,0,1,1,0,1,0,10,13,9,4,10,0,164,0,76,0,6,0,0.0,0,2005-05-25 16:52:09,1117039929,6,11,1,2
3893,108,52,684,5,19,0,503,0.9473684210526316,509,14,0,32,29,75,17,1,0,1,4,24,509,14,0,32,29,75,17,1,0,1,4,0,177,171,6,4,0,290,3,138,0,14,6,0.0043859649122807015,1,2005-05-25 16:53:09,1117039989,5,7,5,10
3894,35,92,736,7,17,0,519,0.7894021739130435,525,91,0,30,25,1,36,26,1,1,0,8,525,91,0,30,25,1,36,26,1,1,0,1,214,209,5,2,0,282,0,144,0,8,6,0.0,0,2005-05-25 16:54:09,1117040049,6,7,6,12
3895,122,23,986,4,19,0,799,0.6318458417849898,825,30,0,7,9,82,1,6,25,1,0,8,825,30,0,7,9,82,1,6,25,1,0,17,166,157,9,4,0,318,4,228,0,10,0,0.004056795131845843,1,2005-05-25 16:55:09,1117040109,4,10,15,30
3896,7,90,802,4,29,0,682,0.5947630922693267,693,11,0,8,2,75,8,0,0,1,0,24,693,11,0,8,2,75,8,0,0,1,0,0,117,106,11,3,0,258,0,172,0,6,0,0.0,0,2005-05-25 16:56:09,1117040169,4,8,4,8
3897,13,4,352,5,12,0,327,0.13636363636363635,332,10,0,5,0,1,3,0,0,0,1,9,332,10,0,5,0,1,3,0,0,0,1,1,23,19,4,1,0,173,0,84,0,2,0,0.0,0,2005-05-25 16:57:09,1117040229,5,9,10,20
3898,14,10,378,4,17,0,341,0.1909814323607427,351,3,0,14,3,1,2,3,0,0,0,6,351,3,0,14,3,1,2,3,0,0,0,5,29,24,5,2,1,181,2,102,0,8,6,0.005291005291005291,1,2005-05-25 16:58:09,1117040289,4,8,20,40
3899,12,1,386,9,29,0,347,0.2155844155844156,363,5,0,14,0,1,0,0,0,0,0,23,363,5,0,14,0,1,0,0,0,0,0,12,25,21,4,1,1,186,1,84,0,6,5,0.0025906735751295338,1,2005-05-25 16:59:09,1117040349,4,8,11,22
3900,8,10,370,4,14,0,323,0.2953929539295393,340,12,0,6,3,1,0,1,0,0,0,11,340,12,0,6,3,1,0,1,0,0,0,10,33,26,7,3,1,176,0,102,0,2,0,0.0,0,2005-05-25 17:00:09,1117040409,4,7,7,14
3901,35,27,736,4,17,0,658,0.4728260869565217,667,9,0,7,4,0,19,0,25,4,0,11,667,9,0,7,4,0,19,0,25,4,0,1,75,67,8,2,0,199,0,144,0,6,0,0.0,0,2005-05-25 17:01:09,1117040469,4,7,6,12
3902,13,25,474,9,20,0,401,0.4725738396624473,409,25,0,13,4,5,1,0,1,15,1,9,409,25,0,13,4,5,1,0,1,15,1,3,63,58,5,7,0,193,7,120,0,16,1,0.014767932489451475,1,2005-05-25 17:02:09,1117040529,5,11,16,32
3903,3,13,788,4,11,0,524,0.3807106598984771,574,167,0,35,7,0,1,0,0,1,2,11,574,167,0,35,7,0,1,0,0,1,2,13,238,201,37,13,0,290,24,164,2,10,2,0.030456852791878174,2,2005-05-25 17:03:09,1117040589,4,8,6,12
3904,15,12,438,6,20,0,385,0.2420091324200913,395,8,0,13,16,6,0,0,0,0,0,4,395,8,0,13,16,6,0,0,0,0,0,1,50,42,8,2,0,186,3,136,0,4,0,0.00684931506849315,2,2005-05-25 17:04:09,1117040649,6,7,10,20
3905,6,7,694,4,17,0,661,0.06772334293948126,674,9,0,3,5,1,1,0,0,1,0,8,674,9,0,3,5,1,1,0,0,1,0,1,28,16,12,4,0,193,0,146,0,6,0,0.0,0,2005-05-25 17:05:09,1117040709,4,6,12,24
3906,11,7,388,8,19,0,345,0.16494845360824742,365,6,0,9,2,1,2,2,0,1,0,8,365,6,0,9,2,1,2,2,0,1,0,13,28,21,7,2,0,183,5,102,0,8,0,0.01288659793814433,1,2005-05-25 17:06:09,1117040769,6,7,19,38
3907,40,9,446,4,17,0,374,0.21076233183856505,387,42,0,10,3,0,3,0,0,1,0,8,387,42,0,10,3,0,3,0,0,1,0,6,64,57,7,2,0,213,14,110,0,6,0,0.03139013452914798,1,2005-05-25 17:07:09,1117040829,4,8,33,66
3908,35,4,524,4,19,0,460,0.3053435114503817,467,3,0,25,24,1,0,2,0,1,0,11,467,3,0,25,24,1,0,2,0,1,0,1,45,39,6,18,0,235,11,120,0,8,0,0.02099236641221374,1,2005-05-25 17:08:09,1117040889,4,8,10,20
3909,6,38,804,5,17,0,692,0.2412935323383085,711,70,0,10,5,1,1,0,1,2,1,24,711,70,0,10,5,1,1,0,1,2,1,4,104,89,15,4,0,232,16,186,0,12,0,0.01990049751243781,2,2005-05-25 17:09:09,1117040949,5,7,13,26
3910,11,11,390,3,29,0,346,0.2923076923076923,363,5,0,14,2,0,1,0,1,1,1,23,363,5,0,14,2,0,1,0,1,1,1,11,26,20,6,7,0,188,0,96,0,8,2,0.0,0,2005-05-25 17:10:09,1117041009,3,9,9,18
3911,45,63,1144,8,29,0,866,0.8129370629370629,891,8,0,16,127,48,9,44,0,1,0,8,891,8,0,16,127,48,9,44,0,1,0,12,262,249,13,4,0,398,8,272,0,16,6,0.006993006993006993,1,2005-05-25 17:11:09,1117041069,6,6,13,26
3912,5,15,388,4,19,0,355,0.29381443298969073,361,6,0,2,2,2,2,12,0,1,0,8,361,6,0,2,2,2,2,12,0,1,0,1,26,21,5,6,0,188,0,96,0,8,0,0.0,0,2005-05-25 17:12:09,1117041129,4,6,8,16
3913,49,44,800,7,17,0,560,0.91625,567,25,0,20,130,34,4,19,0,1,0,8,567,25,0,20,130,34,4,19,0,1,0,1,230,224,6,9,0,367,0,188,0,16,6,0.0,0,2005-05-25 17:13:09,1117041189,7,7,13,26
3914,13,31,162,4,7,0,89,0.7777777777777778,107,25,0,13,6,4,4,0,3,0,0,7,107,25,0,13,6,4,4,0,3,0,0,18,51,51,0,4,0,76,0,72,0,6,7,0.0,0,2005-05-25 17:14:09,1117041249,4,7,10,20
3915,22,25,602,9,19,0,457,0.6578073089700996,465,27,0,11,70,18,6,1,3,1,0,8,465,27,0,11,70,18,6,1,3,1,0,1,122,115,7,22,0,283,0,156,0,18,10,0.0,0,2005-05-25 17:15:09,1117041309,4,7,4,8
3916,99,82,792,5,17,0,564,0.86489898989899,573,75,0,20,5,78,5,35,0,1,0,8,573,75,0,20,5,78,5,35,0,1,0,3,223,217,6,2,0,300,0,208,0,14,7,0.0,0,2005-05-25 17:16:09,1117041369,5,6,1,2
3917,21,45,450,6,19,0,376,0.66,380,17,0,9,2,7,3,27,1,1,0,12,380,17,0,9,2,7,3,27,1,1,0,0,69,65,4,5,0,213,3,100,0,8,0,0.006666666666666667,1,2005-05-25 17:17:09,1117041429,6,7,18,36
3918,26,11,836,7,19,0,703,0.3995215311004784,722,19,0,6,63,22,2,0,0,2,0,8,722,19,0,6,63,22,2,0,0,2,0,12,116,109,7,5,0,251,0,182,0,14,4,0.0,0,2005-05-25 17:18:09,1117041489,7,8,17,34
3919,19,2,468,5,11,0,385,0.4337606837606838,397,14,0,3,36,15,3,0,0,0,0,5,397,14,0,3,36,15,3,0,0,0,0,7,74,69,5,2,0,223,0,126,0,8,0,0.0,0,2005-05-25 17:19:09,1117041549,5,7,1,2
3920,93,121,812,4,17,0,550,0.895320197044335,563,77,0,16,13,139,3,0,0,1,0,8,563,77,0,16,13,139,3,0,0,1,0,5,245,237,8,12,0,305,0,196,0,8,4,0.0,0,2005-05-25 17:20:09,1117041609,4,7,22,44
3921,23,9,638,4,19,0,473,0.6880877742946708,490,16,0,9,94,25,3,0,0,1,0,8,490,16,0,9,94,25,3,0,0,1,0,11,153,147,6,1,0,312,2,142,0,14,5,0.003134796238244514,1,2005-05-25 17:21:09,1117041669,4,7,8,16
3922,34,3,402,5,17,0,345,0.2412935323383085,355,11,0,32,1,0,1,1,0,1,0,8,355,11,0,32,1,0,1,1,0,1,0,2,53,45,8,2,0,188,3,106,0,4,0,0.00746268656716418,1,2005-05-25 17:22:09,1117041729,5,8,1,2
3923,37,36,774,5,19,0,674,0.3014230271668823,684,15,0,52,2,9,3,3,2,2,1,9,684,15,0,52,2,9,3,3,2,2,1,2,85,77,8,12,1,212,6,176,0,10,2,0.007751937984496123,1,2005-05-25 17:23:09,1117041789,5,10,3,6
3924,15,9,426,6,17,0,364,0.30985915492957744,369,13,0,28,11,1,2,0,0,2,0,8,369,13,0,28,11,1,2,0,0,2,0,1,58,54,4,3,0,202,0,114,0,6,3,0.0,0,2005-05-25 17:24:09,1117041849,6,10,33,66
3925,33,44,520,4,11,0,399,0.4192307692307693,428,20,0,47,10,4,9,1,1,0,0,7,428,20,0,47,10,4,9,1,1,0,0,25,81,77,4,15,0,222,4,136,0,4,0,0.007692307692307694,1,2005-05-25 17:25:09,1117041909,4,7,12,24
3926,148,17,954,7,17,0,741,0.4318658280922432,762,34,0,124,17,9,7,0,0,1,0,8,762,34,0,124,17,9,7,0,0,1,0,3,200,182,18,10,0,331,94,204,0,4,0,0.09853249475890984,2,2005-05-25 17:26:09,1117041969,7,8,16,32
3927,7,18,736,4,19,0,648,0.16576086956521738,665,44,0,10,15,0,1,0,0,1,0,8,665,44,0,10,15,0,1,0,0,1,0,9,77,69,8,2,0,228,0,154,0,6,0,0.0,0,2005-05-25 17:27:09,1117042029,4,7,4,8
3928,25,14,636,11,17,0,587,0.17452830188679244,593,5,0,16,18,3,0,0,0,1,0,8,593,5,0,16,18,3,0,0,0,1,0,0,43,37,6,6,0,187,0,138,0,8,0,0.0,0,2005-05-25 17:28:09,1117042089,5,8,19,38
3929,8,7,376,4,13,0,342,0.1356382978723404,357,5,0,7,5,0,0,1,0,0,0,11,357,5,0,7,5,0,0,1,0,0,0,10,23,18,5,1,0,180,0,96,0,4,0,0.0,0,2005-05-25 17:29:09,1117042149,4,6,5,10
3930,3,7,366,7,18,0,342,0.1092896174863388,352,3,0,7,2,0,0,1,0,0,0,11,352,3,0,7,2,0,0,1,0,0,0,6,15,11,4,3,0,173,4,82,0,8,0,0.01092896174863388,2,2005-05-25 17:30:09,1117042209,4,6,30,60
3931,9,5,418,3,17,0,370,0.12949640287769784,376,30,0,9,2,0,0,0,0,0,0,3,376,30,0,9,2,0,0,0,0,0,0,2,45,41,4,0,1,196,10,102,0,10,0,0.023923444976076555,2,2005-05-25 17:31:09,1117042269,3,6,0,0
3932,6,14,544,6,19,0,510,0.22426470588235292,516,7,0,9,4,0,3,1,0,2,0,24,516,7,0,9,4,0,3,1,0,2,0,1,33,28,5,0,0,180,10,108,0,12,1,0.018382352941176468,2,2005-05-25 17:32:09,1117042329,6,7,12,24
3933,12,5,694,4,17,0,644,0.06358381502890173,670,7,0,13,0,0,1,1,0,0,0,6,670,7,0,13,0,0,1,1,0,0,0,18,29,21,8,1,2,183,13,154,0,12,0,0.01873198847262248,2,2005-05-25 17:33:09,1117042389,4,6,9,18
3934,10,2,370,8,18,0,346,0.14864864864864866,350,8,0,4,0,1,7,0,0,0,0,5,350,8,0,4,0,1,7,0,0,0,0,0,22,18,4,2,0,177,3,96,0,4,0,0.008108108108108109,1,2005-05-25 17:34:09,1117042449,5,6,6,12
3935,11,8,398,4,17,0,355,0.21608040201005024,363,16,0,8,2,4,4,0,0,0,0,12,363,16,0,8,2,4,4,0,0,0,0,2,37,31,6,4,0,189,4,116,0,4,0,0.010050251256281407,1,2005-05-25 17:35:09,1117042509,4,7,12,24
3936,6,7,302,5,18,0,261,0.15231788079470202,278,10,0,9,3,1,1,0,0,0,0,5,278,10,0,9,3,1,1,0,0,0,0,15,25,23,2,1,0,143,0,68,0,6,0,0.0,0,2005-05-25 17:36:09,1117042569,5,7,10,20
3937,23,13,418,4,17,0,368,0.16028708133971292,381,25,0,6,0,1,4,1,0,0,0,6,381,25,0,6,0,1,4,1,0,0,0,5,45,37,8,0,0,194,2,100,0,10,0,0.004784688995215311,1,2005-05-25 17:37:09,1117042629,4,7,3,6
3938,8,31,402,5,19,0,352,0.26932668329177056,357,24,0,6,3,2,1,7,0,1,0,8,357,24,0,6,3,2,1,7,0,1,0,1,40,36,4,8,1,193,2,94,0,8,1,0.0049751243781094535,1,2005-05-25 17:38:09,1117042689,5,6,4,8
3939,12,17,388,4,11,0,337,0.20671834625323,349,9,0,19,7,3,0,0,0,0,0,4,349,9,0,19,7,3,0,0,0,0,0,8,37,33,4,5,1,180,8,98,0,6,0,0.020618556701030927,2,2005-05-25 17:39:09,1117042749,4,6,23,46
3940,9,6,354,4,19,0,323,0.14124293785310735,338,3,0,5,5,0,0,1,0,2,0,8,338,3,0,5,5,0,0,1,0,2,0,11,17,13,4,3,0,172,4,84,0,6,0,0.011299435028248588,1,2005-05-25 17:40:09,1117042809,4,6,0,0
3941,18,8,474,4,17,0,422,0.1518987341772152,439,15,0,8,11,0,0,0,0,1,0,8,439,15,0,8,11,0,0,0,0,1,0,9,41,33,8,2,0,179,20,150,0,6,0,0.04219409282700422,1,2005-05-25 17:41:09,1117042869,4,7,19,38
3942,5,8,356,3,11,0,329,0.10393258426966293,336,9,0,10,0,0,0,0,0,1,0,8,336,9,0,10,0,0,0,0,0,1,0,1,22,16,6,4,0,173,3,88,0,6,0,0.008426966292134831,1,2005-05-25 17:42:09,1117042929,3,7,11,22
3943,127,13,706,13,18,0,507,0.7634560906515581,517,50,1,32,38,52,3,13,0,0,0,10,517,50,1,32,38,52,3,13,0,0,0,1,173,164,9,25,0,291,5,150,0,12,1,0.0070821529745042485,1,2005-05-25 17:43:09,1117042989,7,10,12,24
3944,10,11,428,4,29,0,372,0.2336448598130841,394,20,0,9,0,0,2,1,0,0,0,23,394,20,0,9,0,0,2,1,0,0,0,15,38,31,7,3,0,198,0,116,0,8,0,0.0,0,2005-05-25 17:44:09,1117043049,4,8,25,50
3945,11,84,548,5,29,0,436,0.9744525547445256,443,11,1,10,0,1,51,19,8,2,0,24,443,11,1,10,0,1,51,19,8,2,0,0,92,85,7,20,0,253,0,132,0,18,7,0.0,0,2005-05-25 17:45:09,1117043109,5,8,2,4
3946,23,23,626,5,17,0,475,0.476038338658147,487,99,2,8,6,2,7,5,8,2,0,10,487,99,2,8,6,2,7,5,8,2,0,1,136,125,11,14,0,282,13,186,0,6,11,0.020766773162939296,2,2005-05-25 17:46:09,1117043169,5,7,17,34
3947,64,9,500,5,29,0,402,0.29,420,66,0,7,3,2,0,0,0,0,0,24,420,66,0,7,3,2,0,0,0,0,0,11,85,78,7,2,0,245,2,102,0,6,2,0.004,1,2005-05-25 17:47:09,1117043229,5,7,3,6
3948,12,2,434,17,19,0,403,0.15898617511520738,413,6,0,1,3,9,0,0,0,2,0,8,413,6,0,1,3,9,0,0,0,2,0,2,28,20,8,1,0,182,0,116,0,10,1,0.0,0,2005-05-25 17:48:09,1117043289,5,5,9,18
3949,7,6,348,4,11,0,324,0.09195402298850576,333,4,0,9,0,0,2,0,0,0,0,5,333,4,0,9,0,0,2,0,0,0,0,3,21,15,6,0,0,169,0,90,0,4,1,0.0,0,2005-05-25 17:49:09,1117043349,4,6,5,10
3950,10,5,358,17,19,0,329,0.12011173184357543,341,6,0,8,0,0,1,0,0,2,0,8,341,6,0,8,0,0,1,0,0,2,0,5,22,15,7,2,0,177,2,84,0,8,0,0.00558659217877095,1,2005-05-25 17:50:09,1117043409,5,5,16,32
3951,4,9,378,5,11,0,334,0.08465608465608465,358,11,0,7,1,1,0,0,0,0,0,4,358,11,0,7,1,1,0,0,0,0,0,13,22,11,11,9,0,186,4,92,0,4,0,0.01058201058201058,1,2005-05-25 17:51:09,1117043469,5,7,8,16
3952,7,19,452,5,18,0,381,0.2610619469026549,396,32,0,10,4,0,9,0,0,0,1,9,396,32,0,10,4,0,9,0,0,0,1,2,54,41,13,15,0,196,2,134,0,12,2,0.004424778761061947,1,2005-05-25 17:52:09,1117043529,5,7,3,6
3953,6,3,388,5,19,0,345,0.13917525773195874,353,25,0,7,1,1,0,0,0,1,0,8,353,25,0,7,1,1,0,0,0,1,0,0,39,31,8,4,0,184,0,108,0,4,0,0.0,0,2005-05-25 17:53:09,1117043589,5,8,3,6
3954,3,6,344,17,17,0,318,0.09302325581395347,329,8,0,3,2,1,0,0,0,1,0,8,329,8,0,3,2,1,0,0,0,1,0,5,20,14,6,1,0,168,0,78,0,4,0,0.0,0,2005-05-25 17:54:09,1117043649,5,6,19,38
3955,11,3,416,5,19,0,371,0.11778846153846155,388,16,0,8,3,0,0,0,0,1,0,8,388,16,0,8,3,0,0,0,0,1,0,10,32,25,7,3,0,194,0,94,0,8,0,0.0,0,2005-05-25 17:55:09,1117043709,5,7,2,4
3956,20,9,424,4,18,0,368,0.3231132075471698,375,16,2,11,8,9,1,1,0,1,0,10,375,16,2,11,8,9,1,1,0,1,0,0,54,47,7,2,0,189,6,126,0,6,0,0.014150943396226415,1,2005-05-25 17:56:09,1117043769,4,9,8,16
3957,5,24,386,5,19,0,329,0.2772020725388601,345,9,0,16,12,1,0,0,0,1,2,9,345,9,0,16,12,1,0,0,0,1,2,9,46,39,7,2,0,178,4,92,0,8,0,0.010362694300518135,1,2005-05-25 17:57:09,1117043829,5,5,19,38
3958,6,7,364,12,21,0,330,0.17032967032967036,337,12,0,7,3,0,3,2,0,0,0,6,337,12,0,7,3,0,3,2,0,0,0,1,32,26,6,1,0,176,21,90,0,4,0,0.0576923076923077,2,2005-05-25 17:58:09,1117043889,5,9,9,18
3959,11,31,446,5,17,0,368,0.3542600896860987,396,8,0,7,27,0,3,0,0,5,0,8,396,8,0,7,27,0,3,0,0,5,0,20,51,43,8,7,0,215,5,108,0,6,0,0.011210762331838564,2,2005-05-25 17:59:09,1117043949,3,8,13,26
3960,88,42,646,5,19,0,473,0.6201550387596899,480,88,0,5,52,3,0,0,2,15,0,8,480,88,0,5,52,3,0,0,2,15,0,1,170,164,6,1,1,271,25,142,0,8,0,0.03869969040247678,1,2005-05-25 18:00:09,1117044009,3,8,9,18
3961,91,19,886,4,17,0,745,0.42099322799097066,758,42,0,23,16,2,43,1,0,1,0,8,758,42,0,23,16,2,43,1,0,1,0,2,135,124,11,4,0,261,3,196,0,12,0,0.0033860045146726857,1,2005-05-25 18:01:09,1117044069,4,9,48,96
3962,17,9,444,5,19,0,372,0.20495495495495492,397,20,0,15,11,0,0,0,0,1,0,8,397,20,0,15,11,0,0,0,0,1,0,16,52,43,9,4,0,206,2,122,0,2,0,0.0045045045045045045,1,2005-05-25 18:02:09,1117044129,5,10,17,34
3963,5,5,386,5,17,0,341,0.16580310880829016,360,14,1,5,2,1,0,2,0,1,0,10,360,14,1,5,2,1,0,2,0,1,0,10,30,21,9,5,0,183,1,110,0,6,0,0.0025906735751295338,1,2005-05-25 18:03:09,1117044189,5,10,2,4
3964,13,10,650,5,19,0,617,0.1046153846153846,623,15,1,5,2,1,0,1,0,1,1,10,623,15,1,5,2,1,0,1,0,1,1,0,30,24,6,3,0,207,2,140,0,8,0,0.003076923076923077,1,2005-05-25 18:04:09,1117044249,5,8,2,4
3965,37,14,776,4,16,0,670,0.3402061855670103,687,15,0,9,42,19,1,1,1,0,0,11,687,15,0,9,42,19,1,1,1,0,0,9,97,89,8,0,0,223,4,162,0,8,0,0.005154639175257732,1,2005-05-25 18:05:09,1117044309,4,9,21,42
3966,52,34,630,7,18,0,481,0.5793650793650794,502,29,0,23,44,24,1,1,0,5,0,11,502,29,0,23,44,24,1,1,0,5,0,10,112,101,11,27,0,280,12,152,0,16,2,0.01904761904761905,1,2005-05-25 18:06:09,1117044369,7,8,15,30
3967,7,10,404,5,17,0,365,0.18564356435643564,378,10,0,5,3,4,0,2,1,0,0,11,378,10,0,5,3,4,0,2,1,0,0,6,29,22,7,4,0,189,7,108,0,10,1,0.017326732673267328,2,2005-05-25 18:07:09,1117044429,3,9,9,18
3968,23,7,620,11,17,0,563,0.24838709677419354,572,17,0,12,2,2,4,9,0,0,0,13,572,17,0,12,2,2,4,9,0,0,0,1,48,40,8,8,0,187,0,164,0,4,0,0.0,0,2005-05-25 18:08:09,1117044489,8,8,4,8
3969,4,25,398,5,11,0,356,0.11809045226130653,364,23,0,9,2,0,0,0,0,0,0,3,364,23,0,9,2,0,0,0,0,0,0,0,42,34,8,0,0,195,0,96,0,4,1,0.0,0,2005-05-25 18:09:09,1117044549,5,7,18,36
3970,13,14,414,4,17,0,360,0.2028985507246377,378,13,0,12,4,2,4,0,1,0,0,7,378,13,0,12,4,2,4,0,1,0,0,12,39,33,6,3,0,193,2,106,0,8,1,0.004830917874396135,1,2005-05-25 18:10:09,1117044609,4,7,3,6
3971,141,118,1178,5,19,0,874,0.9277824978759558,893,41,0,9,93,53,46,9,6,27,0,8,893,41,0,9,93,53,46,9,6,27,0,9,288,278,10,6,1,315,4,250,0,14,4,0.003395585738539898,1,2005-05-25 18:11:09,1117044669,5,8,17,34
3972,27,31,730,6,11,0,515,0.6273972602739726,523,124,0,6,33,15,12,16,1,0,0,7,523,124,0,6,33,15,12,16,1,0,0,1,212,205,7,2,0,332,6,152,0,6,10,0.00821917808219178,1,2005-05-25 18:12:09,1117044729,6,7,18,36
3973,120,46,686,6,11,0,496,0.9154518950437318,509,19,0,34,4,88,16,15,1,0,0,7,509,19,0,34,4,88,16,15,1,0,0,6,182,175,7,2,0,295,0,148,0,6,0,0.0,0,2005-05-25 18:13:09,1117044789,5,7,19,38
3974,40,81,778,7,17,0,532,0.8521850899742931,555,115,0,7,5,8,52,26,9,1,0,8,555,115,0,7,5,8,52,26,9,1,0,12,222,211,11,12,0,293,6,188,0,12,14,0.007712082262210797,1,2005-05-25 18:14:09,1117044849,7,10,3,6
3975,17,28,788,4,21,0,686,0.2385786802030457,703,42,0,21,7,2,7,4,0,2,0,8,703,42,0,21,7,2,7,4,0,2,0,6,84,73,11,12,0,222,11,216,0,12,3,0.013959390862944164,1,2005-05-25 18:15:09,1117044909,4,11,24,48
3976,6,5,398,6,17,0,359,0.12814070351758794,366,21,0,8,2,0,0,0,0,1,0,8,366,21,0,8,2,0,0,0,0,1,0,0,37,30,7,2,0,184,2,90,0,10,2,0.005025125628140704,1,2005-05-25 18:16:09,1117044969,6,6,14,28
3977,3,29,424,4,18,0,341,0.16981132075471694,384,10,0,28,2,0,0,0,0,0,0,3,384,10,0,28,2,0,0,0,0,0,0,12,48,17,31,23,0,200,0,84,0,8,0,0.0,0,2005-05-25 18:17:09,1117045029,4,6,1,2
3978,8,8,428,4,17,0,341,0.17757009345794392,371,41,0,13,3,0,0,0,0,0,0,3,371,41,0,13,3,0,0,0,0,0,0,1,86,57,29,0,0,204,2,94,0,10,0,0.004672897196261682,1,2005-05-25 18:18:09,1117045089,4,6,3,6
3979,10,1,398,4,15,0,353,0.12311557788944726,366,20,0,8,3,1,0,0,0,0,0,4,366,20,0,8,3,1,0,0,0,0,0,7,37,31,6,1,0,183,3,92,0,12,1,0.007537688442211055,1,2005-05-25 18:19:09,1117045149,4,8,9,18
3980,66,28,522,5,18,0,407,0.7356321839080459,416,8,0,11,20,54,1,11,1,0,0,7,416,8,0,11,20,54,1,11,1,0,0,0,103,94,9,12,0,253,0,124,0,6,1,0.0,0,2005-05-25 18:20:09,1117045209,5,6,14,28
3981,27,19,478,6,17,0,392,0.5439330543933054,411,18,0,4,2,8,18,15,0,2,0,8,411,18,0,4,2,8,18,15,0,2,0,10,71,62,9,5,0,229,0,124,0,8,3,0.0,0,2005-05-25 18:21:09,1117045269,5,7,17,34
3982,16,4,388,4,19,0,347,0.2654639175257732,360,8,0,4,1,2,8,1,2,2,0,8,360,8,0,4,1,2,8,1,2,2,0,4,36,27,9,1,0,183,0,114,0,6,1,0.0,0,2005-05-25 18:22:09,1117045329,4,7,13,26
3983,11,38,500,4,17,0,408,0.502,427,24,0,14,0,1,18,9,5,2,0,8,427,24,0,14,0,1,18,9,5,2,0,7,69,57,12,16,0,219,0,128,0,12,0,0.0,0,2005-05-25 18:23:09,1117045389,4,6,4,8
3984,29,23,414,5,19,0,349,0.4891041162227603,356,23,0,3,4,4,7,9,3,1,3,9,356,23,0,3,4,4,7,9,3,1,3,1,62,56,6,1,1,199,0,110,0,2,0,0.0,0,2005-05-25 18:24:09,1117045449,5,8,17,34
3985,7,20,404,5,17,0,348,0.3465346534653465,366,7,0,9,5,2,1,12,1,1,0,8,366,7,0,9,5,2,1,12,1,1,0,11,44,37,7,1,0,196,0,104,0,4,0,0.0,0,2005-05-25 18:25:09,1117045509,5,11,4,8
3986,19,3,418,4,19,0,356,0.15311004784688995,373,33,0,10,1,0,0,0,0,1,0,8,373,33,0,10,1,0,0,0,0,1,0,9,51,43,8,2,0,203,0,96,0,8,4,0.0,0,2005-05-25 18:26:09,1117045569,4,6,8,16
3987,10,16,746,4,17,0,679,0.11796246648793565,691,39,0,7,7,0,0,1,0,1,0,8,691,39,0,7,7,0,0,1,0,1,0,1,61,50,11,5,0,213,2,160,0,6,2,0.0026809651474530827,1,2005-05-25 18:27:09,1117045629,4,6,9,18
3988,22,10,434,4,18,0,362,0.27419354838709675,386,26,0,10,3,1,0,3,1,1,3,9,386,26,0,10,3,1,0,3,1,1,3,4,65,45,20,3,0,204,2,136,0,6,0,0.004608294930875576,1,2005-05-25 18:28:09,1117045689,4,7,15,30
3989,16,26,488,4,17,0,398,0.430327868852459,420,28,0,6,11,2,1,16,4,0,0,7,420,28,0,6,11,2,1,16,4,0,0,11,77,66,11,2,0,214,6,172,0,8,0,0.012295081967213116,1,2005-05-25 18:29:09,1117045749,4,8,25,50
3990,69,5,492,4,19,0,384,0.5345528455284553,398,48,1,10,18,1,2,4,1,7,0,16,398,48,1,10,18,1,2,4,1,7,0,4,84,74,10,20,0,220,0,174,0,6,0,0.0,0,2005-05-25 18:30:09,1117045809,4,11,6,12
3991,33,26,564,5,25,0,431,0.5886524822695035,466,32,2,17,16,0,8,4,18,1,0,10,466,32,2,17,16,0,8,4,18,1,0,14,115,94,21,4,0,232,0,198,0,12,1,0.0,0,2005-05-25 18:31:09,1117045869,3,12,32,64
3992,2,8,646,4,18,0,612,0.04489164086687306,634,2,0,5,4,0,1,0,0,0,0,5,634,2,0,5,4,0,1,0,0,0,0,13,17,8,9,4,0,185,0,128,0,6,1,0.0,0,2005-05-25 18:32:09,1117045929,4,6,24,48
3993,3,6,388,4,17,0,352,0.10824742268041238,359,20,0,7,1,0,1,0,0,0,0,5,359,20,0,7,1,0,1,0,0,0,0,1,31,25,6,4,0,181,0,86,0,12,9,0.0,0,2005-05-25 18:33:09,1117045989,4,6,4,8
3994,8,3,376,4,15,0,342,0.11702127659574467,352,12,0,10,0,0,1,0,1,0,0,7,352,12,0,10,0,0,1,0,1,0,0,3,28,21,7,3,0,180,8,90,0,4,9,0.02127659574468085,1,2005-05-25 18:34:09,1117046049,4,6,6,12
3995,16,22,422,4,18,0,369,0.22037914691943128,378,7,0,32,2,0,2,1,0,0,0,6,378,7,0,32,2,0,2,1,0,0,0,0,51,42,9,2,0,192,15,106,0,14,3,0.035545023696682464,1,2005-05-25 18:35:09,1117046109,4,8,12,24
3996,5,12,404,4,17,0,344,0.1113861386138614,372,21,0,9,2,0,0,0,0,0,0,3,372,21,0,9,2,0,0,0,0,0,0,19,40,31,9,1,0,197,10,98,0,10,10,0.024752475247524757,1,2005-05-25 18:36:09,1117046169,4,8,7,14
3997,22,6,382,5,18,0,328,0.23036649214659685,342,14,0,13,11,1,0,0,0,0,0,11,342,14,0,13,11,1,0,0,0,0,0,9,42,37,5,3,0,181,1,96,0,10,9,0.002617801047120419,1,2005-05-25 18:37:09,1117046229,5,9,16,32
3998,6,9,360,5,17,0,329,0.11944444444444445,339,6,0,10,3,2,0,0,0,0,0,4,339,6,0,10,3,2,0,0,0,0,0,3,26,19,7,2,0,174,4,92,0,8,1,0.011111111111111113,1,2005-05-25 18:38:09,1117046289,5,6,15,30
3999,9,7,696,4,19,0,649,0.09195402298850576,671,6,0,9,6,2,0,1,0,1,0,8,671,6,0,9,6,2,0,1,0,1,0,12,33,23,10,2,0,181,5,158,0,10,0,0.0071839080459770105,1,2005-05-25 18:39:09,1117046349,4,7,26,52
4000,20,7,432,3,17,0,366,0.2013888888888889,385,26,0,12,5,1,2,0,0,1,0,8,385,26,0,12,5,1,2,0,0,1,0,13,47,41,6,6,0,206,0,114,0,6,0,0.0,0,2005-05-25 18:40:09,1117046409,3,8,2,4
4001,14,16,478,5,22,0,403,0.34309623430962344,416,16,0,31,1,0,4,8,1,1,0,8,416,16,0,31,1,0,4,8,1,1,0,4,66,57,9,5,0,215,8,136,0,10,0,0.016736401673640166,1,2005-05-25 18:41:09,1117046469,5,8,6,12
4002,21,6,398,5,17,0,357,0.2085427135678392,362,14,0,13,3,0,4,1,0,1,0,8,362,14,0,13,3,0,4,1,0,1,0,1,39,35,4,1,0,190,6,102,0,8,1,0.01507537688442211,1,2005-05-25 18:42:09,1117046529,4,5,3,6
4003,6,14,372,5,20,0,337,0.15591397849462366,345,11,0,9,3,3,0,0,0,1,0,8,345,11,0,9,3,3,0,0,0,1,0,2,30,24,6,3,0,178,1,102,0,6,0,0.0026881720430107533,1,2005-05-25 18:43:09,1117046589,4,9,17,34
4004,25,23,482,4,17,0,392,0.3941908713692946,411,28,0,7,8,16,12,0,0,0,0,5,411,28,0,7,8,16,12,0,0,0,0,12,68,61,7,10,0,213,10,112,0,4,2,0.020746887966804982,2,2005-05-25 18:44:09,1117046649,4,8,1,2
4005,275,32,1986,9,19,0,1511,0.6062437059415912,1633,72,0,29,12,193,26,13,6,2,0,8,1633,72,0,29,12,193,26,13,6,2,0,15,449,342,107,11,0,783,301,704,2,38,14,0.1515609264853978,2,2005-05-25 18:45:09,1117046709,7,11,41,82
4006,23,8,428,17,17,0,377,0.20093457943925236,385,20,0,8,14,0,0,0,0,1,0,8,385,20,0,8,14,0,0,0,0,1,0,1,48,41,7,2,0,205,2,98,0,8,8,0.004672897196261682,1,2005-05-25 18:46:09,1117046769,5,9,38,76
4007,11,70,594,6,11,0,455,0.5740740740740741,480,45,0,14,20,7,15,0,0,12,1,9,480,45,0,14,20,7,15,0,0,12,1,19,74,68,6,46,0,248,8,132,0,4,1,0.01346801346801347,1,2005-05-25 18:47:09,1117046829,5,6,8,16
4008,11,26,722,5,11,0,649,0.2146814404432133,659,8,0,44,2,0,1,8,0,0,0,6,659,8,0,44,2,0,1,8,0,0,0,2,70,62,8,1,0,193,6,166,0,4,0,0.008310249307479225,1,2005-05-25 18:48:09,1117046889,5,6,6,12
4009,6,3,368,3,17,0,331,0.11716621253405995,349,6,0,6,3,1,0,2,0,0,0,6,349,6,0,6,3,1,0,2,0,0,0,12,23,17,6,1,1,172,3,94,0,12,2,0.008152173913043478,1,2005-05-25 18:49:09,1117046949,3,6,11,22
4010,7,14,374,4,11,0,316,0.21122994652406415,336,18,0,9,2,8,1,0,0,0,0,5,336,18,0,9,2,8,1,0,0,0,0,2,47,29,18,9,0,173,0,98,0,6,0,0.0,0,2005-05-25 18:50:09,1117047009,4,7,14,28
4011,27,24,522,4,17,0,404,0.3390804597701149,458,15,0,9,16,24,0,0,0,0,0,4,458,15,0,9,16,24,0,0,0,0,0,25,85,56,29,8,0,215,0,130,0,12,0,0.0,0,2005-05-25 18:51:09,1117047069,4,6,15,30
4012,24,9,398,17,17,0,344,0.25879396984924624,358,21,1,7,1,2,1,7,0,0,0,10,358,21,1,7,1,2,1,7,0,0,0,2,48,36,12,4,0,192,1,100,0,8,0,0.002512562814070352,1,2005-05-25 18:52:09,1117047129,5,7,4,8
4013,7,11,706,5,11,0,646,0.16005665722379606,662,25,0,5,3,1,1,7,1,0,0,11,662,25,0,5,3,1,1,7,1,0,0,2,58,44,14,0,0,206,0,156,0,10,11,0.0,0,2005-05-25 18:53:09,1117047189,5,8,14,28
4014,10,22,386,5,19,0,337,0.3937823834196891,342,14,0,11,12,2,1,0,0,1,0,24,342,14,0,11,12,2,1,0,0,1,0,1,35,31,4,13,0,188,2,108,0,4,0,0.0051813471502590676,1,2005-05-25 18:54:09,1117047249,5,8,27,54
4015,10,10,412,17,17,0,364,0.1435523114355231,383,15,0,7,2,0,2,1,0,1,0,8,383,15,0,7,2,0,2,1,0,1,0,13,32,26,6,2,1,189,4,112,0,10,1,0.009708737864077669,1,2005-05-25 18:55:09,1117047309,5,7,4,8
4016,10,9,390,6,19,0,347,0.18205128205128204,356,18,0,7,6,1,0,0,0,1,1,9,356,18,0,7,6,1,0,0,0,1,1,1,39,31,8,3,0,178,4,116,0,4,0,0.010256410256410256,1,2005-05-25 18:56:09,1117047369,6,7,15,30
4017,8,10,408,5,17,0,356,0.19362745098039216,371,17,0,11,4,2,1,0,1,1,0,8,371,17,0,11,4,2,1,0,1,1,0,11,37,33,4,4,0,186,0,110,0,12,2,0.0,0,2005-05-25 18:57:09,1117047429,5,6,14,28
4018,4,4,340,5,19,0,314,0.12941176470588234,322,5,0,11,0,0,0,0,0,1,1,9,322,5,0,11,0,0,0,0,0,1,1,2,22,16,6,2,0,169,0,82,0,4,0,0.0,0,2005-05-25 18:58:09,1117047489,5,6,11,22
4019,10,3,396,4,17,0,351,0.11868686868686867,375,6,0,12,1,0,0,1,0,1,0,8,375,6,0,12,1,0,0,1,0,1,0,17,26,19,7,2,0,190,0,102,0,8,0,0.0,0,2005-05-25 18:59:09,1117047549,4,8,7,14
4020,11,4,370,7,13,0,334,0.12162162162162166,344,17,0,6,1,0,0,1,1,0,0,7,344,17,0,6,1,0,0,1,1,0,0,1,29,20,9,6,0,176,6,108,0,6,5,0.016216216216216217,1,2005-05-25 19:00:09,1117047609,7,7,3,6
4021,9,5,414,8,17,0,342,0.13768115942028986,378,23,0,8,3,1,1,0,0,0,0,5,378,23,0,8,3,1,1,0,0,0,0,12,50,26,24,10,0,189,12,126,0,8,1,0.028985507246376805,2,2005-05-25 19:01:09,1117047669,8,8,26,52
4022,2,10,378,19,19,0,336,0.14285714285714285,347,17,0,12,0,0,1,0,0,1,0,8,347,17,0,12,0,0,1,0,0,1,0,2,39,30,9,1,0,179,17,98,0,10,6,0.04497354497354497,2,2005-05-25 19:02:09,1117047729,5,8,3,6
4023,12,4,378,5,11,0,331,0.13227513227513227,358,5,0,9,2,2,1,0,0,1,0,8,358,5,0,9,2,2,1,0,0,1,0,18,27,18,9,2,0,180,7,98,0,4,2,0.018518518518518517,2,2005-05-25 19:03:09,1117047789,4,7,11,22
4024,20,27,526,19,20,0,456,0.1958174904942966,468,35,0,14,4,3,0,0,0,2,0,8,468,35,0,14,4,3,0,0,0,2,0,2,62,52,10,6,0,195,6,160,0,18,3,0.01140684410646388,1,2005-05-25 19:04:09,1117047849,5,9,14,28
4025,7,6,366,4,17,0,337,0.09836065573770493,352,2,0,8,2,1,0,0,0,1,0,8,352,2,0,8,2,1,0,0,0,1,0,9,17,11,6,3,0,171,10,90,0,6,0,0.0273224043715847,2,2005-05-25 19:05:09,1117047909,4,7,19,38
4026,7,7,362,19,19,0,325,0.1298342541436464,342,7,0,5,6,1,0,0,0,1,0,8,342,7,0,5,6,1,0,0,0,1,0,11,25,19,6,1,0,172,0,94,0,10,4,0.0,0,2005-05-25 19:06:09,1117047969,5,8,1,2
4027,6,11,384,3,14,0,340,0.15625,354,15,0,9,2,3,0,0,0,0,1,9,354,15,0,9,2,3,0,0,0,0,1,5,34,25,9,5,0,182,0,108,0,4,2,0.0,0,2005-05-25 19:07:09,1117048029,3,8,4,8
4028,14,4,370,5,17,0,332,0.15405405405405406,341,15,0,7,4,2,0,0,0,1,0,8,341,15,0,7,4,2,0,0,0,1,0,2,35,28,7,1,0,175,0,92,0,16,3,0.0,0,2005-05-25 19:08:09,1117048089,5,8,5,10
4029,5,4,614,19,19,0,592,0.0488599348534202,602,2,0,7,2,0,0,0,0,1,0,8,602,2,0,7,2,0,0,0,0,1,0,2,18,10,8,2,0,169,0,116,0,10,1,0.0,0,2005-05-25 19:09:09,1117048149,5,7,18,36
4030,10,4,648,17,17,0,609,0.07407407407407407,629,6,0,2,10,0,0,0,0,1,0,8,629,6,0,2,10,0,0,0,0,1,0,11,26,17,9,2,0,185,0,132,0,12,1,0.0,0,2005-05-25 19:10:09,1117048209,5,6,1,2
4031,93,15,572,4,18,0,443,0.7814685314685315,451,15,0,7,6,79,0,14,0,0,0,6,451,15,0,7,6,79,0,14,0,0,0,1,125,118,7,3,0,261,2,132,0,18,1,0.0034965034965034965,1,2005-05-25 19:11:09,1117048269,4,8,15,30
4032,18,99,678,5,17,0,489,0.5737463126843658,504,82,0,12,46,27,5,2,0,0,0,6,504,82,0,12,46,27,5,2,0,0,0,3,185,173,12,1,0,329,2,174,0,12,7,0.002949852507374631,1,2005-05-25 19:12:09,1117048329,5,7,11,22
4033,6,8,778,4,19,0,682,0.21465295629820053,711,21,0,7,34,2,0,0,2,1,0,8,711,21,0,7,34,2,0,0,2,1,0,16,69,56,13,11,0,239,4,188,0,12,0,0.005141388174807198,1,2005-05-25 19:13:09,1117048389,4,7,8,16
4034,34,10,660,10,29,0,489,0.8439393939393941,501,16,0,11,94,29,3,1,0,1,0,23,501,16,0,11,94,29,3,1,0,1,0,1,168,157,11,2,0,317,3,194,0,14,7,0.004545454545454545,1,2005-05-25 19:14:09,1117048449,6,7,4,8
4035,5,6,366,5,11,0,332,0.10382513661202186,345,10,0,6,4,1,0,0,0,0,0,4,345,10,0,6,4,1,0,0,0,0,0,7,25,19,6,2,0,177,2,96,0,4,0,0.00546448087431694,1,2005-05-25 19:15:09,1117048509,4,7,8,16
4036,12,11,378,10,13,0,342,0.3492063492063492,350,3,0,7,3,1,4,3,0,3,2,11,350,3,0,7,3,1,4,3,0,3,2,2,29,23,6,5,0,184,4,102,0,8,0,0.01058201058201058,1,2005-05-25 19:16:09,1117048569,7,7,17,34
4037,31,21,776,29,29,0,661,0.4033505154639176,695,30,0,18,11,1,0,7,0,2,2,22,695,30,0,18,11,1,0,7,0,2,2,20,90,76,14,5,0,226,4,198,0,10,4,0.005154639175257732,1,2005-05-25 19:17:09,1117048629,5,7,14,28
4038,32,19,724,4,18,0,637,0.3259668508287293,653,28,0,19,1,0,0,9,3,7,4,9,653,28,0,19,1,0,0,9,3,7,4,1,70,55,15,16,0,224,24,194,0,6,0,0.03314917127071823,1,2005-05-25 19:18:09,1117048689,4,7,5,10
4039,8,28,708,4,17,0,639,0.16807909604519775,652,24,0,14,12,2,1,3,0,0,0,6,652,24,0,14,12,2,1,3,0,0,0,2,66,55,11,1,0,209,18,166,0,12,1,0.025423728813559324,1,2005-05-25 19:19:09,1117048749,4,7,1,2
4040,5,15,382,4,18,0,339,0.1968503937007874,351,12,0,8,2,0,7,1,0,0,0,6,351,12,0,8,2,0,7,1,0,0,0,2,31,22,9,9,1,185,2,110,0,8,1,0.005235602094240838,1,2005-05-25 19:20:09,1117048809,4,6,22,44
4041,7,25,744,4,17,0,675,0.1922043010752688,702,14,0,14,6,0,1,5,0,0,0,24,702,14,0,14,6,0,1,5,0,0,0,17,47,37,10,5,0,199,4,176,0,12,1,0.005376344086021507,1,2005-05-25 19:21:09,1117048869,4,7,7,14
4042,9,49,470,4,19,0,389,0.5255319148936171,398,18,0,5,0,34,9,5,0,1,0,8,398,18,0,5,0,34,9,5,0,1,0,3,76,70,6,2,0,215,0,100,0,12,0,0.0,0,2005-05-25 19:22:09,1117048929,4,6,2,4
4043,12,16,90,3,17,0,57,0.8555555555555555,60,4,0,11,13,1,0,0,0,1,0,8,60,4,0,11,13,1,0,0,0,1,0,1,26,24,2,6,0,33,3,48,0,12,3,0.03333333333333333,1,2005-05-25 19:23:09,1117048989,3,6,2,4
4044,13,6,366,6,19,0,335,0.13114754098360654,343,10,0,7,4,1,0,0,0,1,0,8,343,10,0,7,4,1,0,0,0,1,0,2,29,23,6,0,0,176,0,96,0,6,0,0.0,0,2005-05-25 19:24:09,1117049049,4,6,13,26
4045,11,9,390,7,17,0,348,0.15128205128205127,365,6,0,10,7,1,0,0,0,1,0,8,365,6,0,10,7,1,0,0,0,1,0,11,30,24,6,1,0,181,0,92,0,6,0,0.0,0,2005-05-25 19:25:09,1117049109,5,6,16,32
4046,5,10,348,5,19,0,325,0.1235632183908046,331,5,0,6,3,1,1,0,0,1,0,8,331,5,0,6,3,1,1,0,0,1,0,0,18,12,6,5,0,169,1,88,0,8,0,0.002873563218390805,1,2005-05-25 19:26:09,1117049169,5,6,4,8
4047,44,10,530,4,11,0,442,0.3188679245283019,452,27,0,11,40,0,0,0,0,0,0,3,452,27,0,11,40,0,0,0,0,0,0,2,81,73,8,5,0,234,2,144,0,10,16,0.0037735849056603774,1,2005-05-25 19:27:09,1117049229,4,6,4,8
4048,14,13,704,3,19,0,635,0.12642045454545456,661,17,0,16,8,0,0,0,0,2,0,8,661,17,0,16,8,0,0,0,0,2,0,16,45,35,10,8,0,202,2,168,0,6,0,0.002840909090909091,1,2005-05-25 19:28:09,1117049289,3,6,57,114
4049,21,13,402,5,17,0,351,0.1865671641791045,361,18,0,19,2,0,1,0,0,1,0,8,361,18,0,19,2,0,1,0,0,1,0,4,44,38,6,3,0,193,17,106,0,10,1,0.04228855721393035,1,2005-05-25 19:29:09,1117049349,5,7,2,4
4050,9,8,370,5,18,0,340,0.15675675675675674,348,4,0,8,5,2,3,0,0,0,0,5,348,4,0,8,5,2,3,0,0,0,0,1,28,21,7,1,0,177,4,104,0,4,1,0.010810810810810813,1,2005-05-25 19:30:09,1117049409,5,6,5,10
4051,22,9,408,9,11,0,356,0.2720588235294117,366,9,0,15,3,13,1,1,0,0,0,6,366,9,0,15,3,13,1,1,0,0,0,3,48,41,7,1,0,193,1,110,0,10,1,0.0024509803921568627,1,2005-05-25 19:31:09,1117049469,6,6,13,26
4052,10,33,714,4,17,0,642,0.17366946778711484,666,19,0,7,1,19,0,2,0,0,0,6,666,19,0,7,1,19,0,2,0,0,0,10,61,47,14,1,0,208,2,144,0,6,0,0.0028011204481792717,1,2005-05-25 19:32:09,1117049529,4,6,7,14
4053,25,4,396,5,19,0,350,0.14393939393939395,363,17,0,13,2,0,0,0,0,1,0,8,363,17,0,13,2,0,0,0,0,1,0,4,42,33,9,0,0,186,4,100,0,8,0,0.010101010101010102,1,2005-05-25 19:33:09,1117049589,3,8,12,24
4054,10,8,446,4,17,0,381,0.21300448430493274,388,33,0,19,4,1,0,0,0,1,0,8,388,33,0,19,4,1,0,0,0,1,0,1,50,44,6,14,0,206,4,108,0,6,0,0.008968609865470852,1,2005-05-25 19:34:09,1117049649,4,7,22,44
4055,5,18,412,4,19,0,366,0.1796116504854369,381,6,0,17,4,2,0,1,0,1,0,8,381,6,0,17,4,2,0,1,0,1,0,8,37,30,7,1,0,193,4,102,0,6,2,0.009708737864077669,1,2005-05-25 19:35:09,1117049709,4,9,17,34
4056,14,6,666,5,17,0,620,0.1126126126126126,639,5,0,11,4,2,4,0,0,1,0,8,639,5,0,11,4,2,4,0,0,1,0,10,34,25,9,2,0,192,4,150,0,8,2,0.006006006006006006,1,2005-05-25 19:36:09,1117049769,5,9,5,10
4057,19,27,446,5,18,0,384,0.27354260089686105,392,21,0,8,20,3,1,0,0,1,0,8,392,21,0,8,20,3,1,0,0,1,0,2,46,40,6,14,0,197,8,124,0,10,4,0.017937219730941704,1,2005-05-25 19:37:09,1117049829,5,9,3,6
4058,9,5,338,5,17,0,312,0.1153846153846154,319,5,0,11,1,1,1,0,0,0,0,5,319,5,0,11,1,1,1,0,0,0,0,1,23,17,6,2,0,164,2,90,0,4,2,0.005917159763313609,1,2005-05-25 19:38:09,1117049889,4,7,19,38
4059,2,9,342,3,11,0,321,0.10818713450292396,328,4,0,4,2,2,1,1,0,0,0,6,328,4,0,4,2,2,1,1,0,0,0,1,16,10,6,4,0,166,1,82,0,2,0,0.0029239766081871343,1,2005-05-25 19:39:09,1117049949,3,6,3,6
4060,7,7,386,7,19,0,350,0.10621761658031087,367,9,0,3,6,0,0,0,0,1,0,8,367,9,0,3,6,0,0,0,0,1,0,11,21,15,6,4,0,175,4,98,0,6,0,0.010362694300518135,1,2005-05-25 19:40:09,1117050009,4,7,7,14
4061,6,11,366,5,17,0,338,0.23497267759562845,348,1,0,3,5,0,6,0,1,1,0,19,348,1,0,3,5,0,6,0,1,1,0,6,17,13,4,5,0,175,19,94,0,8,1,0.05191256830601093,2,2005-05-25 19:41:09,1117050069,4,7,1,2
4062,10,13,692,4,29,0,651,0.15028901734104047,664,7,0,11,6,1,1,0,0,0,0,24,664,7,0,11,6,1,1,0,0,0,0,1,39,27,12,1,0,176,2,170,0,10,1,0.0028901734104046237,1,2005-05-25 19:42:09,1117050129,4,7,13,26
4063,10,10,434,4,19,0,388,0.2557603686635945,406,2,0,17,5,1,0,0,0,1,0,24,406,2,0,17,5,1,0,0,0,1,0,12,33,27,6,1,0,192,0,102,0,10,0,0.0,0,2005-05-25 19:43:09,1117050189,4,7,2,4
4064,12,4,316,4,11,0,288,0.1360759493670886,294,8,0,8,5,1,0,0,0,0,0,4,294,8,0,8,5,1,0,0,0,0,0,0,27,21,6,1,0,154,0,84,0,4,0,0.0,0,2005-05-25 19:44:09,1117050249,4,7,5,10
4065,48,3,434,5,17,0,371,0.1912442396313364,378,46,0,5,2,0,1,0,0,2,0,8,378,46,0,5,2,0,1,0,0,2,0,2,59,54,5,2,0,215,0,92,0,8,3,0.0,0,2005-05-25 19:45:09,1117050309,5,7,5,10
4066,3,55,514,5,11,0,412,0.2937743190661479,418,52,0,36,6,1,1,0,0,0,0,5,418,52,0,36,6,1,1,0,0,0,0,0,98,92,6,4,0,218,0,104,0,6,24,0.0,0,2005-05-25 19:46:09,1117050369,5,6,14,28
4067,8,8,388,4,17,0,352,0.08505154639175258,370,8,0,5,5,0,0,0,0,0,0,3,370,8,0,5,5,0,0,0,0,0,0,11,23,16,7,2,0,186,0,92,0,12,2,0.0,0,2005-05-25 19:47:09,1117050429,4,6,3,6
4068,39,12,876,7,11,0,776,0.3127853881278539,811,14,0,13,1,1,10,15,1,10,0,8,811,14,0,13,1,1,10,15,1,10,0,7,91,63,28,2,0,221,0,232,0,12,0,0.0,0,2005-05-25 19:48:09,1117050489,7,9,9,18
4069,45,18,766,3,17,0,539,0.5561357702349871,563,53,0,125,5,3,10,3,4,0,0,7,563,53,0,125,5,3,10,3,4,0,0,3,221,200,21,3,0,363,17,162,0,12,2,0.022193211488250653,1,2005-05-25 19:49:09,1117050549,3,8,18,36
4070,17,59,800,4,11,0,544,0.69,573,49,0,139,6,2,6,15,1,9,0,8,573,49,0,139,6,2,6,15,1,9,0,13,241,225,16,2,0,381,4,158,0,8,12,0.005,1,2005-05-25 19:50:09,1117050609,4,9,11,22
4071,12,10,408,3,17,0,367,0.15196078431372548,376,14,0,11,4,1,2,0,0,0,0,5,376,14,0,11,4,1,2,0,0,0,0,3,35,29,6,3,0,182,1,110,0,12,3,0.0024509803921568627,1,2005-05-25 19:51:09,1117050669,3,8,2,4
4072,47,16,472,5,29,0,385,0.6927966101694916,398,21,0,9,5,2,11,15,0,9,0,24,398,21,0,9,5,2,11,15,0,9,0,1,83,71,12,3,0,228,0,132,0,4,2,0.0,0,2005-05-25 19:52:09,1117050729,5,8,3,6
4073,23,43,572,6,11,0,479,0.6118881118881119,497,13,0,16,0,7,12,15,1,9,0,24,497,13,0,16,0,7,12,15,1,9,0,0,90,72,18,3,0,220,0,162,0,8,4,0.0,0,2005-05-25 19:53:09,1117050789,6,9,15,30
4074,0,15,378,4,17,0,338,0.07407407407407407,359,10,0,9,0,0,0,0,0,0,0,2,359,10,0,9,0,0,0,0,0,0,0,13,24,16,8,3,0,187,0,90,0,6,1,0.0,0,2005-05-25 19:54:09,1117050849,4,5,8,16
4075,7,7,362,3,19,0,330,0.10249307479224376,346,2,0,4,9,0,0,0,0,0,0,3,346,2,0,4,9,0,0,0,0,0,0,9,21,14,7,1,1,171,0,90,0,6,5,0.0,0,2005-05-25 19:55:09,1117050909,3,7,12,24
4076,5,6,356,4,17,0,330,0.09269662921348316,343,3,0,4,2,4,0,0,0,0,0,4,343,3,0,4,2,4,0,0,0,0,0,7,19,13,6,0,0,174,0,84,0,8,1,0.0,0,2005-05-25 19:56:09,1117050969,4,5,0,0
4077,8,5,364,3,19,0,339,0.08539944903581267,345,11,0,5,1,0,0,0,1,0,0,7,345,11,0,5,1,0,0,0,1,0,0,0,22,16,6,2,1,169,2,92,0,8,2,0.005494505494505495,1,2005-05-25 19:57:09,1117051029,3,7,16,32
4078,11,8,420,7,17,0,376,0.15476190476190474,396,6,0,8,2,4,3,1,0,0,0,6,396,6,0,8,2,4,3,1,0,0,0,12,31,23,8,1,0,185,5,128,0,4,1,0.011904761904761904,1,2005-05-25 19:58:09,1117051089,6,6,6,12
4079,38,11,742,5,19,0,653,0.2398921832884097,671,25,0,12,24,4,1,1,3,0,1,9,671,25,0,12,24,4,1,1,3,0,1,10,73,65,8,6,0,214,0,176,0,8,2,0.0,0,2005-05-25 19:59:09,1117051149,5,7,11,22
4080,8,45,512,11,17,0,406,0.408203125,413,54,0,11,24,1,1,5,2,1,0,8,413,54,0,11,24,1,1,5,2,1,0,1,93,87,6,12,0,221,0,126,0,10,8,0.0,0,2005-05-25 20:00:09,1117051209,7,7,6,12
4081,2,7,378,4,11,0,336,0.10317460317460317,354,11,0,11,2,0,0,0,0,0,0,3,354,11,0,11,2,0,0,0,0,0,0,12,30,24,6,0,0,178,0,96,0,4,0,0.0,0,2005-05-25 20:01:09,1117051269,4,7,21,42
4082,12,6,426,5,17,0,380,0.15258215962441316,400,10,0,9,1,0,4,0,2,0,0,7,400,10,0,9,1,0,4,0,2,0,0,14,30,24,6,2,0,195,0,120,0,12,4,0.0,0,2005-05-25 20:02:09,1117051329,5,7,2,4
4083,5,8,292,9,19,0,268,0.2294520547945205,272,9,0,0,2,2,3,1,1,2,0,8,272,9,0,0,2,2,3,1,1,2,0,0,22,18,4,2,0,146,0,58,0,8,2,0.0,0,2005-05-25 20:03:09,1117051389,6,7,2,4
4084,17,7,412,4,17,0,356,0.24029126213592236,363,28,0,8,6,3,1,2,0,1,0,8,363,28,0,8,6,3,1,2,0,1,0,0,50,43,7,6,0,203,0,94,0,12,3,0.0,0,2005-05-25 20:04:09,1117051449,4,6,14,28
4085,12,14,790,8,29,0,695,0.17848101265822786,723,45,0,12,7,0,1,0,0,0,0,23,723,45,0,12,7,0,1,0,0,0,0,14,75,61,14,6,0,224,1,190,0,18,7,0.0012658227848101266,1,2005-05-25 20:05:09,1117051509,5,6,13,26
4086,45,7,476,4,29,0,384,0.27310924369747897,397,56,0,9,1,12,1,0,0,0,0,5,397,56,0,9,1,12,1,0,0,0,0,4,88,79,9,0,0,215,0,118,2,6,4,0.0,0,2005-05-25 20:06:09,1117051569,4,7,11,22
4087,8,37,496,5,17,0,398,0.3427419354838709,416,49,0,23,1,1,4,0,0,0,0,24,416,49,0,23,1,1,4,0,0,0,0,8,86,76,10,4,0,221,2,118,0,10,24,0.004032258064516129,1,2005-05-25 20:07:09,1117051629,5,7,21,42
4088,14,11,406,3,19,0,361,0.2123456790123457,370,9,0,16,5,0,2,2,0,1,0,8,370,9,0,16,5,0,2,2,0,1,0,1,34,26,8,9,1,191,2,100,0,14,6,0.0049261083743842365,1,2005-05-25 20:08:09,1117051689,3,6,18,36
4089,9,16,426,4,17,0,354,0.19014084507042253,382,25,0,12,5,0,0,0,0,1,1,9,382,25,0,12,5,0,0,0,0,1,1,21,47,40,7,4,0,200,6,122,0,8,5,0.014084507042253518,1,2005-05-25 20:09:09,1117051749,4,7,8,16
4090,18,18,418,5,19,0,365,0.2446043165467626,372,5,0,28,11,0,0,0,0,1,0,8,372,5,0,28,11,0,0,0,0,1,0,0,35,28,7,17,1,198,2,104,2,12,2,0.004784688995215311,1,2005-05-25 20:10:09,1117051809,5,7,3,6
4091,13,35,548,6,17,0,453,0.2591240875912409,468,37,0,29,13,0,0,0,0,1,0,8,468,37,0,29,13,0,0,0,0,1,0,1,92,79,13,2,0,216,10,164,0,10,5,0.01824817518248175,1,2005-05-25 20:11:09,1117051869,5,6,6,12
4092,8,7,360,4,18,0,335,0.09722222222222222,342,6,0,10,1,0,0,1,0,0,0,6,342,6,0,10,1,0,0,1,0,0,0,0,20,13,7,5,0,173,0,94,0,8,0,0.0,0,2005-05-25 20:12:09,1117051929,4,6,14,28
4093,2,12,420,4,17,0,374,0.1026252983293556,392,16,0,6,5,0,0,0,0,0,0,3,392,16,0,6,5,0,0,0,0,0,0,11,30,23,7,4,1,186,0,96,0,12,1,0.0,0,2005-05-25 20:13:09,1117051989,4,5,13,26
4094,5,8,640,7,19,0,566,0.078125,610,18,0,9,2,0,0,0,0,1,0,8,610,18,0,9,2,0,0,0,0,1,0,12,59,27,32,3,0,187,0,128,0,10,5,0.0,0,2005-05-25 20:14:09,1117052049,5,5,12,24
4095,2,4,370,3,17,0,337,0.0945945945945946,350,14,0,4,0,0,1,0,0,1,0,8,350,14,0,4,0,0,1,0,0,1,0,7,23,17,6,3,0,179,0,84,0,8,1,0.0,0,2005-05-25 20:15:09,1117052109,3,5,1,2
4096,20,4,394,4,19,0,349,0.19083969465648856,355,18,0,12,5,0,2,0,0,1,0,8,355,18,0,12,5,0,2,0,0,1,0,0,44,38,6,0,1,186,0,112,0,8,2,0.0,0,2005-05-25 20:16:09,1117052169,4,7,12,24
4097,8,13,446,3,17,0,398,0.14573991031390135,418,11,0,6,9,0,0,0,1,1,0,8,418,11,0,6,9,0,0,0,1,1,0,14,32,26,6,2,0,189,6,124,0,14,1,0.01345291479820628,1,2005-05-25 20:17:09,1117052229,3,7,8,16
4098,2,3,602,3,19,0,578,0.04983388704318937,592,5,0,1,2,0,0,0,0,1,1,9,592,5,0,1,2,0,0,0,0,1,1,1,21,8,13,2,0,167,0,140,0,8,1,0.0,0,2005-05-25 20:18:09,1117052289,3,8,5,10
4099,6,3,432,3,17,0,402,0.0925925925925926,413,8,0,7,2,1,0,0,0,1,0,8,413,8,0,7,2,1,0,0,0,1,0,1,27,17,10,2,0,166,0,122,0,8,0,0.0,0,2005-05-25 20:19:09,1117052349,3,8,12,24
4100,1,3,348,4,11,0,322,0.04885057471264368,341,1,0,2,4,0,0,0,0,0,0,3,341,1,0,2,4,0,0,0,0,0,0,11,15,7,8,0,0,172,0,72,0,4,0,0.0,0,2005-05-25 20:20:09,1117052409,4,6,7,14
4101,15,1,398,4,14,0,359,0.0728643216080402,382,8,0,3,5,0,0,0,0,0,0,3,382,8,0,3,5,0,0,0,0,0,0,8,31,16,15,0,0,181,4,94,0,8,0,0.010050251256281407,1,2005-05-25 20:21:09,1117052469,4,7,3,6
4102,10,3,358,4,17,0,320,0.10614525139664804,333,13,0,11,1,0,0,0,0,0,0,3,333,13,0,11,1,0,0,0,0,0,0,2,35,24,11,1,0,173,0,92,0,2,0,0.0,0,2005-05-25 20:22:09,1117052529,4,5,3,6
4103,38,16,160,6,19,0,86,1.0125,97,36,0,7,9,6,0,0,0,1,0,14,97,36,0,7,9,6,0,0,0,1,0,1,68,58,10,5,0,64,4,62,0,6,0,0.025,1,2005-05-25 20:23:09,1117052589,5,6,12,24
4104,6,38,758,4,18,0,678,0.12681638044914134,702,30,0,15,8,1,0,0,0,1,0,8,702,30,0,15,8,1,0,0,0,1,0,10,65,51,14,4,1,212,2,164,0,10,0,0.0026385224274406327,1,2005-05-25 20:24:09,1117052649,4,6,4,8
4105,6,5,358,4,11,0,338,0.05586592178770949,345,7,0,5,1,0,0,0,0,0,0,3,345,7,0,5,1,0,0,0,0,0,0,1,19,13,6,0,0,168,0,78,0,8,0,0.0,0,2005-05-25 20:25:09,1117052709,4,6,1,2
4106,4,3,348,3,19,0,326,0.08045977011494253,336,8,0,2,0,0,0,0,0,2,0,8,336,8,0,2,0,0,0,0,0,2,0,2,19,11,8,1,0,170,5,84,0,8,0,0.014367816091954025,1,2005-05-25 20:26:09,1117052769,3,6,5,10
4107,10,6,372,11,12,0,338,0.1320754716981132,348,9,0,7,5,0,1,1,0,0,0,6,348,9,0,7,5,0,1,1,0,0,0,0,30,20,10,3,1,176,0,102,0,6,0,0.0,0,2005-05-25 20:27:09,1117052829,7,8,17,34
4108,11,18,734,3,19,0,667,0.1226158038147139,695,15,0,12,6,3,1,0,0,2,0,8,695,15,0,12,6,3,1,0,0,2,0,18,43,33,10,6,0,197,0,176,0,12,5,0.0,0,2005-05-25 20:28:09,1117052889,3,6,10,20
4109,4,4,354,6,11,0,326,0.11581920903954802,337,8,0,2,5,0,0,0,2,0,0,7,337,8,0,2,5,0,0,0,2,0,0,3,23,15,8,2,0,171,0,88,0,4,0,0.0,0,2005-05-25 20:29:09,1117052949,6,6,7,14
4110,10,1,362,6,17,0,328,0.09392265193370164,340,11,0,10,1,0,0,0,0,0,0,3,340,11,0,10,1,0,0,0,0,0,0,3,29,20,9,2,0,177,0,94,0,6,0,0.0,0,2005-05-25 20:30:09,1117053009,6,6,16,32
4111,11,6,376,11,18,0,344,0.1622340425531915,354,6,0,8,5,0,0,0,0,3,0,8,354,6,0,8,5,0,0,0,0,3,0,0,31,21,10,1,0,177,13,100,0,4,0,0.034574468085106384,1,2005-05-25 20:31:09,1117053069,7,7,4,8
4112,5,3,374,3,17,0,342,0.053475935828877004,361,8,0,3,2,0,0,0,0,0,0,3,361,8,0,3,2,0,0,0,0,0,0,12,18,11,7,2,0,182,1,90,0,6,0,0.00267379679144385,1,2005-05-25 20:32:09,1117053129,3,7,8,16
4113,6,8,376,4,13,0,337,0.21808510638297876,352,9,0,6,5,0,0,0,1,0,0,13,352,9,0,6,5,0,0,0,1,0,0,7,26,18,8,6,0,181,4,90,0,8,6,0.010638297872340424,1,2005-05-25 20:33:09,1117053189,4,10,16,32
4114,10,1,630,4,11,0,592,0.060317460317460325,607,10,0,11,2,0,0,0,0,0,0,3,607,10,0,11,2,0,0,0,0,0,0,7,31,23,8,0,0,176,2,132,0,6,2,0.0031746031746031746,1,2005-05-25 20:34:09,1117053249,4,6,12,24
4115,2,8,400,3,17,0,355,0.105,384,5,0,4,4,0,1,2,0,0,0,6,384,5,0,4,4,0,1,2,0,0,0,18,22,12,10,5,0,194,4,106,0,6,1,0.01,2,2005-05-25 20:35:09,1117053309,3,7,10,20
4116,7,7,378,4,22,0,342,0.19047619047619047,355,7,0,11,1,0,0,0,0,1,2,14,355,7,0,11,1,0,0,0,0,1,2,2,33,22,11,1,0,181,6,106,0,8,1,0.015873015873015872,2,2005-05-25 20:36:09,1117053369,4,10,4,8
4117,10,8,410,4,17,0,365,0.13691931540342298,374,23,0,9,1,1,0,0,0,1,0,8,374,23,0,9,1,1,0,0,0,1,0,0,36,27,9,8,1,180,8,106,0,12,5,0.01951219512195122,1,2005-05-25 20:37:09,1117053429,4,6,13,26
4118,17,50,716,5,12,0,612,0.551048951048951,638,26,25,7,1,0,7,11,0,0,0,10,638,26,25,7,1,0,7,11,0,0,0,2,100,76,24,1,1,224,5,166,0,8,2,0.006983240223463687,1,2005-05-25 20:38:09,1117053489,4,5,13,26
4119,6,6,406,4,17,0,371,0.1083743842364532,389,4,1,7,4,1,0,0,0,0,0,10,389,4,1,7,4,1,0,0,0,0,0,11,24,17,7,0,0,190,2,94,0,10,1,0.0049261083743842365,1,2005-05-25 20:39:09,1117053549,4,6,7,14
4120,3,9,332,4,18,0,309,0.06626506024096386,320,3,0,8,1,0,0,0,0,0,0,3,320,3,0,8,1,0,0,0,0,0,0,1,22,12,10,0,0,160,0,78,0,8,1,0.0,0,2005-05-25 20:40:09,1117053609,4,6,4,8
4121,8,11,360,3,17,0,320,0.10277777777777776,340,6,0,11,3,0,0,0,0,0,0,3,340,6,0,11,3,0,0,0,0,0,0,13,23,16,7,4,0,176,0,90,0,8,0,0.0,0,2005-05-25 20:41:09,1117053669,3,6,13,26
4122,13,14,728,5,18,0,651,0.11263736263736265,680,24,0,18,2,4,0,0,0,0,0,4,680,24,0,18,2,4,0,0,0,0,0,14,55,40,15,8,0,196,0,184,0,12,0,0.0,0,2005-05-25 20:42:09,1117053729,5,6,26,52
4123,7,2,392,4,17,0,361,0.1153846153846154,367,11,0,8,2,0,0,2,0,0,0,6,367,11,0,8,2,0,0,2,0,0,0,0,26,20,6,3,2,182,0,92,0,8,0,0.0,0,2005-05-25 20:43:09,1117053789,4,6,6,12
4124,5,8,342,4,18,0,312,0.14619883040935672,320,11,0,4,1,2,4,0,0,0,0,5,320,11,0,4,1,2,4,0,0,0,0,2,27,21,6,1,0,167,0,78,0,8,2,0.0,0,2005-05-25 20:44:09,1117053849,4,6,3,6
4125,10,7,384,5,17,0,348,0.140625,354,14,0,9,6,1,0,0,0,0,0,4,354,14,0,9,6,1,0,0,0,0,0,0,33,27,6,3,0,178,0,100,0,8,2,0.0,0,2005-05-25 20:45:09,1117053909,5,7,14,28
4126,10,11,382,4,19,0,340,0.20418848167539266,358,6,0,9,0,1,0,7,0,1,0,8,358,6,0,9,0,1,0,7,0,1,0,11,26,19,7,5,0,188,1,94,0,6,0,0.002617801047120419,1,2005-05-25 20:46:09,1117053969,4,7,8,16
4127,14,11,466,6,17,0,386,0.2896995708154507,406,16,0,30,1,12,0,0,0,1,0,8,406,16,0,30,1,12,0,0,0,1,0,14,64,58,6,2,0,222,0,106,0,8,0,0.0,0,2005-05-25 20:47:09,1117054029,4,7,10,20
4128,30,35,474,3,11,0,397,0.3291139240506329,405,43,0,2,5,3,14,2,0,0,0,6,405,43,0,2,5,3,14,2,0,0,0,1,69,62,7,7,0,206,0,116,0,4,0,0.0,0,2005-05-25 20:48:09,1117054089,3,6,1,2
4129,9,6,372,3,11,0,332,0.16666666666666666,344,14,0,8,3,0,0,2,0,0,0,11,344,14,0,8,3,0,0,2,0,0,0,8,30,26,4,2,0,178,0,94,0,6,0,0.0,0,2005-05-25 20:49:09,1117054149,3,7,19,38
4130,3,6,622,5,17,0,576,0.056270096463022515,600,13,0,6,2,1,0,0,0,0,0,4,600,13,0,6,2,1,0,0,0,0,0,13,33,22,11,0,0,183,2,138,0,6,0,0.003215434083601286,1,2005-05-25 20:50:09,1117054209,5,7,6,12
4131,12,8,398,4,18,0,361,0.12814070351758794,369,14,0,8,7,0,0,0,0,0,0,3,369,14,0,8,7,0,0,0,0,0,0,0,33,25,8,4,0,180,0,104,0,10,2,0.0,0,2005-05-25 20:51:09,1117054269,4,6,21,42
4132,11,1,376,4,17,0,333,0.14361702127659576,345,12,0,15,4,0,0,0,0,0,0,3,345,12,0,15,4,0,0,0,0,0,0,2,40,30,10,1,0,184,0,94,0,2,1,0.0,0,2005-05-25 20:52:09,1117054329,4,8,11,22
4133,8,7,452,4,14,0,373,0.18805309734513276,407,31,3,9,2,0,0,0,0,0,0,10,407,31,3,9,2,0,0,0,0,0,0,20,53,39,14,6,0,212,0,112,0,6,11,0.0,0,2005-05-25 20:53:09,1117054389,4,8,16,32
4134,2,6,354,6,19,0,327,0.0847457627118644,344,3,0,4,1,0,0,0,0,2,0,8,344,3,0,4,1,0,0,0,0,2,0,11,13,7,6,3,0,173,0,74,0,8,0,0.0,0,2005-05-25 20:54:09,1117054449,6,6,6,12
4135,4,8,350,5,19,0,316,0.17142857142857146,333,8,3,1,4,0,0,0,0,1,0,10,333,8,3,1,4,0,0,0,0,1,0,8,22,13,9,4,0,169,0,84,0,10,2,0.0,0,2005-05-25 20:55:09,1117054509,5,6,9,18
4136,6,5,376,4,19,0,348,0.0851063829787234,359,10,0,4,2,0,0,0,0,1,0,8,359,10,0,4,2,0,0,0,0,1,0,1,25,15,10,2,0,169,0,96,0,8,0,0.0,0,2005-05-25 20:56:09,1117054569,4,7,1,2
4137,13,9,370,3,11,0,331,0.2108108108108108,345,5,0,8,5,0,0,7,0,0,0,6,345,5,0,8,5,0,0,7,0,0,0,8,31,25,6,0,0,178,0,94,0,4,0,0.0,0,2005-05-25 20:57:09,1117054629,3,6,20,40
4138,12,2,374,4,19,0,342,0.13368983957219252,358,1,0,7,3,3,0,1,0,1,0,8,358,1,0,7,3,3,0,1,0,1,0,11,19,14,5,2,0,182,6,90,0,4,3,0.016042780748663103,1,2005-05-25 20:58:09,1117054689,4,6,5,10
4139,7,30,454,4,18,0,381,0.20044052863436124,404,30,0,4,15,0,0,0,0,1,0,8,404,30,0,4,15,0,0,0,0,1,0,11,42,30,12,20,0,197,5,122,0,12,3,0.011013215859030838,1,2005-05-25 20:59:09,1117054749,4,6,17,34
4140,6,6,416,5,17,0,387,0.0891566265060241,398,6,0,4,6,0,1,0,0,0,0,5,398,6,0,4,6,0,1,0,0,0,0,2,24,15,9,2,1,166,0,132,0,4,0,0.0,0,2005-05-25 21:00:09,1117054809,3,7,6,12
4141,22,125,660,5,11,0,481,0.4506828528072838,502,27,0,123,6,0,0,1,0,0,0,6,502,27,0,123,6,0,0,1,0,0,0,6,170,155,15,2,1,323,19,142,0,4,0,0.028787878787878786,2,2005-05-25 21:01:09,1117054869,3,7,32,64
4142,9,6,404,4,18,0,365,0.1707920792079208,384,3,0,5,1,2,9,0,0,0,0,5,384,3,0,5,1,2,9,0,0,0,0,11,23,15,8,5,0,191,0,94,0,12,1,0.0,0,2005-05-25 21:02:09,1117054929,4,7,4,8
4143,28,13,1002,4,19,0,930,0.1506986027944112,946,13,0,24,5,11,0,0,0,2,0,15,946,13,0,24,5,11,0,0,0,2,0,1,62,47,15,9,0,192,0,198,0,16,25,0.0,0,2005-05-25 21:03:09,1117054989,4,7,4,8
4144,38,38,476,4,19,0,383,0.4894957983193277,393,21,0,6,45,1,1,8,0,1,0,8,393,21,0,6,45,1,1,8,0,1,0,1,64,55,9,28,0,212,11,98,0,4,0,0.02301255230125523,1,2005-05-25 21:04:09,1117055049,4,7,24,48
4145,30,15,446,4,17,0,376,0.19506726457399104,391,41,0,6,2,5,0,0,0,1,0,8,391,41,0,6,2,5,0,0,0,1,0,11,56,52,4,3,0,216,2,90,0,10,0,0.004484304932735426,1,2005-05-25 21:05:09,1117055109,4,7,16,32
4146,36,4,184,7,10,0,117,0.3695652173913043,134,37,0,8,5,0,0,0,0,0,0,3,134,37,0,8,5,0,0,0,0,0,0,8,58,49,9,1,0,84,7,76,0,2,2,0.03804347826086957,2,2005-05-25 21:06:09,1117055169,6,8,4,8
4147,7,11,404,4,17,0,354,0.2227722772277228,367,14,0,12,2,5,0,2,2,0,0,7,367,14,0,12,2,5,0,2,2,0,0,2,38,27,11,10,0,186,4,100,0,10,2,0.0099009900990099,1,2005-05-25 21:07:09,1117055229,4,7,31,62
4148,9,6,384,6,19,0,345,0.2265625,354,13,0,3,6,1,2,0,4,1,0,8,354,13,0,3,6,1,2,0,4,1,0,1,34,26,8,4,0,180,0,100,0,6,0,0.0,0,2005-05-25 21:08:09,1117055289,6,6,13,26
4149,3,7,382,4,17,0,341,0.10209424083769633,365,5,0,9,1,0,1,0,0,1,0,8,365,5,0,9,1,0,1,0,0,1,0,17,23,16,7,1,0,184,0,90,0,6,0,0.0,0,2005-05-25 21:09:09,1117055349,4,6,29,58
4150,7,11,680,5,11,0,631,0.10441176470588236,653,10,0,8,6,0,0,0,0,0,3,9,653,10,0,8,6,0,0,0,0,0,3,5,38,21,17,6,0,178,0,162,0,12,2,0.0,0,2005-05-25 21:10:09,1117055409,3,5,8,16
4151,7,7,78,5,17,0,57,0.6794871794871795,63,2,0,6,3,0,2,0,0,0,1,11,63,2,0,6,3,0,2,0,0,0,1,4,17,15,2,0,0,32,0,36,0,12,3,0.0,0,2005-05-25 21:11:09,1117055469,3,6,7,14
4152,8,5,374,5,18,0,335,0.13368983957219252,348,5,0,18,3,0,0,0,0,0,0,3,348,5,0,18,3,0,0,0,0,0,0,4,35,26,9,0,0,181,0,96,0,12,8,0.0,0,2005-05-25 21:12:09,1117055529,3,6,19,38
4153,160,35,980,5,25,0,625,0.8551020408163266,676,9,5,212,31,10,14,16,3,3,0,11,676,9,5,212,31,10,14,16,3,3,0,17,332,298,34,6,0,479,72,442,0,10,24,0.07346938775510205,1,2005-05-25 21:13:09,1117055589,5,7,6,12
4154,11,6,362,5,18,0,332,0.1464088397790055,341,4,0,8,4,4,1,0,0,0,0,5,341,4,0,8,4,4,1,0,0,0,0,1,28,20,8,1,0,173,0,92,0,10,0,0.0,0,2005-05-25 21:14:09,1117055649,5,7,3,6
4155,9,7,402,4,11,0,360,0.19154228855721392,370,10,0,15,3,1,0,0,0,3,0,8,370,10,0,15,3,1,0,0,0,3,0,0,39,29,10,3,0,179,0,112,0,8,2,0.0,0,2005-05-25 21:15:09,1117055709,4,8,4,8
4156,16,15,774,5,17,0,684,0.16279069767441862,696,54,0,11,2,11,0,0,0,0,0,4,696,54,0,11,2,11,0,0,0,0,0,2,74,64,10,14,0,237,0,158,0,10,0,0.0,0,2005-05-25 21:16:09,1117055769,4,6,14,28
4157,26,45,542,4,11,0,434,0.5701107011070111,456,8,0,24,6,6,41,1,0,0,0,6,456,8,0,24,6,6,41,1,0,0,0,12,75,65,10,21,0,218,0,122,0,20,34,0.0,0,2005-05-25 21:17:09,1117055829,4,5,10,20
4158,4,4,344,3,17,0,313,0.055232558139534885,332,7,0,3,2,0,0,0,0,0,0,3,332,7,0,3,2,0,0,0,0,0,0,9,20,10,10,2,0,166,2,90,0,4,0,0.005813953488372093,1,2005-05-25 21:18:09,1117055889,3,5,6,12
4159,9,5,356,4,11,0,326,0.09831460674157304,339,8,0,6,0,2,0,0,1,0,0,7,339,8,0,6,0,2,0,0,1,0,0,7,23,17,6,0,0,174,2,86,0,4,0,0.005617977528089888,1,2005-05-25 21:19:09,1117055949,4,5,21,42
4160,6,7,668,4,17,0,627,0.06137724550898204,650,4,0,8,4,1,1,0,0,0,0,5,650,4,0,8,4,1,1,0,0,0,0,13,27,17,10,1,0,183,0,150,0,6,0,0.0,0,2005-05-25 21:20:09,1117056009,4,7,41,82
4161,7,6,358,4,18,0,331,0.12290502793296088,336,9,0,7,5,0,0,1,0,0,0,6,336,9,0,7,5,0,0,1,0,0,0,1,23,19,4,3,0,175,2,92,0,8,1,0.00558659217877095,1,2005-05-25 21:21:09,1117056069,4,8,5,10
4162,3,8,368,4,17,0,341,0.13858695652173916,352,7,0,4,2,0,1,1,0,0,0,19,352,7,0,4,2,0,1,1,0,0,0,4,18,11,7,5,0,175,1,100,0,8,0,0.002717391304347826,1,2005-05-25 21:22:09,1117056129,4,7,5,10
4163,2,4,356,4,13,0,327,0.12921348314606745,336,5,0,10,3,1,0,0,0,1,0,8,336,5,0,10,3,1,0,0,0,1,0,0,28,19,9,1,0,168,8,84,0,2,0,0.02247191011235955,1,2005-05-25 21:23:09,1117056189,4,6,12,24
4164,47,2,488,4,11,0,404,0.3442622950819672,420,19,0,2,44,2,1,0,0,0,0,5,420,19,0,2,44,2,1,0,0,0,0,12,31,27,4,41,0,240,0,94,0,6,1,0.0,0,2005-05-25 21:24:09,1117056249,4,6,3,6
4165,6,46,440,4,18,0,369,0.25,379,15,0,44,1,1,0,0,0,0,0,4,379,15,0,44,1,1,0,0,0,0,0,2,68,60,8,1,0,216,0,90,0,8,0,0.0,0,2005-05-25 21:25:09,1117056309,4,6,10,20
4166,15,12,706,8,17,0,643,0.1048158640226629,664,17,0,18,7,0,0,0,0,0,0,3,664,17,0,18,7,0,0,0,0,0,0,6,55,40,15,2,0,188,6,174,0,12,1,0.0084985835694051,1,2005-05-25 21:26:09,1117056369,6,6,2,4
4167,7,3,382,4,17,0,347,0.11518324607329845,354,17,0,8,2,0,1,0,0,0,0,5,354,17,0,8,2,0,1,0,0,0,0,1,34,28,6,0,0,174,2,80,0,8,13,0.005235602094240838,1,2005-05-25 21:27:09,1117056429,4,6,14,28
4168,16,6,390,4,11,0,345,0.09743589743589744,364,18,0,4,4,0,0,0,0,0,0,3,364,18,0,4,4,0,0,0,0,0,0,12,29,22,7,4,0,189,2,90,0,6,2,0.005128205128205128,1,2005-05-25 21:28:09,1117056489,4,7,8,16
4169,10,18,426,4,17,0,381,0.13145539906103287,389,24,0,9,3,0,1,0,0,0,0,5,389,24,0,9,3,0,1,0,0,0,0,1,38,31,7,6,0,192,0,92,0,12,1,0.0,0,2005-05-25 21:29:09,1117056549,4,6,2,4
4170,5,10,354,4,12,0,326,0.11581920903954802,335,5,0,9,4,0,0,1,0,0,0,6,335,5,0,9,4,0,0,1,0,0,0,1,26,18,8,1,0,162,0,80,0,10,0,0.0,0,2005-05-25 21:30:09,1117056609,4,7,11,22
4171,9,8,384,4,17,0,343,0.15404699738903396,361,6,1,10,3,0,0,0,2,0,0,10,361,6,1,10,3,0,0,0,2,0,0,9,30,21,9,1,1,184,2,104,0,8,0,0.005208333333333333,1,2005-05-25 21:31:09,1117056669,4,10,24,48
4172,12,13,398,7,21,0,348,0.1934673366834171,367,9,0,12,6,2,0,0,0,0,2,9,367,9,0,12,6,2,0,0,0,0,2,11,31,23,8,8,0,188,3,98,0,6,0,0.007537688442211055,1,2005-05-25 21:32:09,1117056729,7,11,6,12
4173,12,8,712,4,17,0,646,0.0800561797752809,676,16,0,19,1,0,0,0,0,0,0,3,676,16,0,19,1,0,0,0,0,0,0,4,59,33,26,3,0,187,4,176,0,12,1,0.005617977528089888,2,2005-05-25 21:33:09,1117056789,4,7,7,14
4174,10,4,364,5,18,0,328,0.1153846153846154,342,10,0,9,0,2,0,1,0,0,0,6,342,10,0,9,0,2,0,1,0,0,0,2,33,21,12,1,0,177,2,98,0,8,1,0.005494505494505495,1,2005-05-25 21:34:09,1117056849,5,7,11,22
4175,13,9,400,5,17,0,353,0.1575,375,9,0,6,4,1,4,1,0,0,0,6,375,9,0,6,4,1,4,1,0,0,0,12,34,24,10,1,0,189,0,98,0,12,1,0.0,0,2005-05-25 21:35:09,1117056909,5,5,7,14
4176,3,13,358,6,18,0,320,0.12569832402234635,336,15,0,1,2,1,0,3,0,0,0,6,336,15,0,1,2,1,0,3,0,0,0,0,35,19,16,3,0,173,0,86,0,8,0,0.0,0,2005-05-25 21:36:09,1117056969,5,6,8,16
4177,25,9,532,4,17,0,452,0.2199248120300752,467,34,0,14,16,0,0,0,1,0,0,7,467,34,0,14,16,0,0,0,1,0,0,4,74,63,11,2,0,236,8,100,0,10,1,0.015037593984962403,2,2005-05-25 21:37:09,1117057029,4,7,2,4
4178,6,8,372,4,11,0,332,0.206989247311828,340,16,0,3,8,0,0,4,1,0,0,7,340,16,0,3,8,0,0,4,1,0,0,1,39,32,7,0,0,180,0,100,0,0,1,0.0,0,2005-05-25 21:38:09,1117057089,4,8,17,34
4179,6,27,696,5,18,0,620,0.13218390804597702,647,20,0,18,10,0,0,1,0,0,0,6,647,20,0,18,10,0,0,1,0,0,0,18,56,47,9,2,0,205,0,132,0,8,1,0.0,0,2005-05-25 21:39:09,1117057149,5,8,8,16
4180,16,7,442,4,17,0,400,0.1085972850678733,411,16,0,13,2,0,0,0,0,0,0,3,411,16,0,13,2,0,0,0,0,0,0,3,37,29,8,2,0,215,0,100,0,8,1,0.0,0,2005-05-25 21:40:09,1117057209,4,8,36,72
4181,16,25,476,5,18,0,397,0.3466386554621849,414,26,1,17,11,1,0,2,0,0,3,19,414,26,1,17,11,1,0,2,0,0,3,11,60,54,6,8,0,210,0,130,0,18,2,0.0,0,2005-05-25 21:41:09,1117057269,5,6,43,86
4182,55,15,530,5,12,0,416,0.8603773584905661,423,41,0,7,13,2,1,1,0,41,0,15,423,41,0,7,13,2,1,1,0,41,0,1,108,102,6,5,0,222,0,104,0,2,1,0.0,0,2005-05-25 21:42:09,1117057329,5,6,4,8
4183,8,49,594,5,18,0,464,0.8097643097643098,480,58,0,5,3,0,7,0,0,0,41,9,480,58,0,5,3,0,7,0,0,0,41,12,118,114,4,0,0,232,0,110,0,10,0,0.0,0,2005-05-25 21:43:09,1117057389,5,6,3,6
4184,13,5,370,4,17,0,324,0.22162162162162166,337,14,0,6,6,2,0,5,0,0,0,6,337,14,0,6,6,2,0,5,0,0,0,1,40,28,12,5,0,174,6,98,0,4,0,0.016216216216216217,1,2005-05-25 21:44:09,1117057449,4,7,13,26
4185,8,9,484,5,18,0,389,0.2706611570247934,399,67,1,9,4,2,1,0,0,0,0,11,399,67,1,9,4,2,1,0,0,0,0,2,62,54,8,31,0,204,0,98,0,12,0,0.0,0,2005-05-25 21:45:09,1117057509,3,10,28,56
4186,11,12,372,5,17,0,336,0.18548387096774194,344,9,0,9,3,2,5,0,0,0,0,5,344,9,0,9,3,2,5,0,0,0,0,1,30,23,7,5,0,175,4,98,0,8,0,0.010752688172043013,1,2005-05-25 21:46:09,1117057569,3,5,3,6
4187,7,7,678,5,18,0,626,0.056047197640117986,656,12,0,8,1,0,0,0,1,0,0,7,656,12,0,8,1,0,0,0,1,0,0,18,33,21,12,1,0,176,0,144,0,12,0,0.0,0,2005-05-25 21:47:09,1117057629,5,6,12,24
4188,3,6,348,5,17,0,324,0.07471264367816093,337,4,0,4,1,0,1,1,0,0,0,6,337,4,0,4,1,0,1,1,0,0,0,6,15,8,7,3,0,170,0,80,0,8,1,0.0,0,2005-05-25 21:48:09,1117057689,5,5,2,4
4189,6,8,354,4,18,0,325,0.0903954802259887,337,9,0,5,0,2,1,0,0,0,0,5,337,9,0,5,0,2,1,0,0,0,0,3,21,12,9,5,0,173,4,84,0,8,0,0.011299435028248588,2,2005-05-25 21:49:09,1117057749,4,7,11,22
4190,33,185,976,4,24,0,616,0.8975409836065574,657,17,5,209,45,11,10,15,2,3,0,23,657,17,5,209,45,11,10,15,2,3,0,10,347,316,31,3,0,476,57,412,0,20,16,0.0584016393442623,2,2005-05-25 21:50:09,1117057809,4,7,3,6
4191,5,4,116,4,11,0,85,0.2672413793103448,99,11,0,2,2,0,2,0,0,0,0,5,99,11,0,2,2,0,2,0,0,0,0,10,21,17,4,0,0,51,0,70,0,2,0,0.0,0,2005-05-25 21:51:09,1117057869,4,7,9,18
4192,7,4,350,4,21,0,323,0.12,333,5,1,8,2,0,1,0,0,0,0,10,333,5,1,8,2,0,1,0,0,0,0,0,25,16,9,2,0,169,0,80,0,6,0,0.0,0,2005-05-25 21:52:09,1117057929,4,7,5,10
4193,7,9,352,4,17,0,319,0.125,334,2,1,13,2,0,0,0,0,0,0,10,334,2,1,13,2,0,0,0,0,0,0,9,21,15,6,3,0,173,0,88,0,6,0,0.0,0,2005-05-25 21:53:09,1117057989,4,7,21,42
4194,12,10,680,4,21,0,628,0.1176470588235294,654,8,2,12,1,0,1,1,0,0,0,14,654,8,2,12,1,0,1,1,0,0,0,14,37,25,12,1,0,188,0,154,0,12,0,0.0,0,2005-05-25 21:54:09,1117058049,4,7,5,10
4195,6,4,356,4,11,0,337,0.05056179775280899,345,4,0,7,0,0,0,0,0,0,0,2,345,4,0,7,0,0,0,0,0,0,0,2,15,9,6,2,0,169,0,80,0,8,0,0.0,0,2005-05-25 21:55:09,1117058109,4,5,4,8
4196,5,3,346,4,21,0,320,0.1184971098265896,326,12,1,5,1,0,0,1,0,0,0,10,326,12,1,5,1,0,0,1,0,0,0,0,25,19,6,1,0,170,0,94,0,8,0,0.0,0,2005-05-25 21:56:09,1117058169,4,7,2,4
4197,40,9,456,4,17,0,385,0.3223684210526316,394,11,1,41,5,0,3,0,0,0,0,14,394,11,1,41,5,0,3,0,0,0,0,0,68,59,9,3,0,214,0,116,0,10,2,0.0,0,2005-05-25 21:57:09,1117058229,4,6,12,24
4198,5,19,402,4,18,0,350,0.1745635910224439,369,11,0,6,13,2,0,0,0,0,0,4,369,11,0,6,13,2,0,0,0,0,0,12,39,32,7,0,1,193,0,98,0,10,12,0.0,0,2005-05-25 21:58:09,1117058289,4,6,1,2
4199,25,29,802,6,17,0,696,0.20199501246882792,718,39,0,12,33,0,0,0,0,0,0,3,718,39,0,12,33,0,0,0,0,0,0,8,91,77,14,7,0,218,2,160,0,12,14,0.002493765586034913,1,2005-05-25 21:59:09,1117058349,5,6,20,40
4200,25,17,416,3,19,0,359,0.27710843373493976,367,10,0,18,17,0,2,0,0,1,0,8,367,10,0,18,17,0,2,0,0,1,0,3,53,48,5,0,1,204,5,112,0,10,12,0.01201923076923077,1,2005-05-25 22:00:09,1117058409,3,7,6,12
4201,53,18,568,4,17,0,456,0.448943661971831,477,23,0,33,5,8,20,0,0,1,0,11,477,23,0,33,5,8,20,0,0,1,0,12,85,76,9,15,0,226,0,162,0,12,13,0.0,0,2005-05-25 22:01:09,1117058469,4,9,26,52
4202,9,15,698,5,19,0,642,0.14326647564469913,656,20,0,1,17,2,0,0,0,1,0,11,656,20,0,1,17,2,0,0,0,1,0,1,52,39,13,3,0,187,0,152,0,16,26,0.0,0,2005-05-25 22:02:09,1117058529,5,11,9,18
4203,7,5,660,4,17,0,628,0.07878787878787878,641,5,0,6,5,0,0,2,0,1,0,8,641,5,0,6,5,0,0,2,0,1,0,2,29,18,11,1,0,176,4,146,0,8,1,0.006060606060606061,1,2005-05-25 22:03:09,1117058589,4,8,7,14
4204,4,2,330,4,11,0,309,0.054545454545454536,319,4,0,7,0,0,0,0,0,0,0,2,319,4,0,7,0,0,0,0,0,0,0,2,19,11,8,0,0,161,2,88,0,0,0,0.006060606060606061,1,2005-05-25 22:04:09,1117058649,4,7,21,42
4205,7,11,382,4,12,0,350,0.13612565445026178,356,11,0,8,5,0,2,0,0,0,0,5,356,11,0,8,5,0,2,0,0,0,0,2,18,14,4,12,0,175,10,98,0,6,0,0.026178010471204192,1,2005-05-25 22:05:09,1117058709,4,9,8,16
4206,28,17,1040,4,17,0,952,0.10673076923076924,981,15,0,39,3,1,1,0,0,0,0,5,981,15,0,39,3,1,1,0,0,0,0,14,62,47,15,12,0,224,5,210,0,10,3,0.004807692307692308,1,2005-05-25 22:06:09,1117058769,4,7,7,14
4207,2,34,502,4,15,0,413,0.4123505976095618,422,40,0,6,27,0,1,0,0,0,0,12,422,40,0,6,27,0,1,0,0,0,0,2,82,75,7,5,0,214,3,104,0,12,3,0.0059760956175298795,1,2005-05-25 22:07:09,1117058829,4,7,3,6
4208,32,6,430,4,17,0,371,0.26046511627906976,383,8,0,15,23,0,1,0,0,0,0,5,383,8,0,15,23,0,1,0,0,0,0,2,57,47,10,0,0,205,0,106,0,12,3,0.0,0,2005-05-25 22:08:09,1117058889,4,6,13,26
4209,16,26,526,4,11,0,451,0.21673003802281368,469,14,0,30,12,1,0,0,0,0,0,4,469,14,0,30,12,1,0,0,0,0,0,10,61,53,8,4,0,219,4,114,0,6,0,0.0076045627376425855,1,2005-05-25 22:09:09,1117058949,4,6,16,32
4210,9,2,640,4,17,0,577,0.05625,617,14,0,6,2,1,0,0,0,0,0,4,617,14,0,6,2,1,0,0,0,0,0,4,57,21,36,2,0,190,2,148,0,4,0,0.003125,1,2005-05-25 22:10:09,1117059009,4,7,5,10
4211,3,14,358,3,18,0,320,0.15083798882681565,333,13,0,1,6,4,1,0,0,0,0,5,333,13,0,1,6,4,1,0,0,0,0,7,21,15,6,10,0,176,0,80,0,6,0,0.0,0,2005-05-25 22:11:09,1117059069,3,6,12,24
4212,10,21,512,4,17,0,405,0.287109375,423,57,0,11,19,0,1,1,0,0,0,6,423,57,0,11,19,0,1,1,0,0,0,3,78,63,15,26,0,217,29,164,0,6,0,0.056640625,1,2005-05-25 22:12:09,1117059129,4,7,14,28
4213,17,12,720,4,11,0,657,0.1125,679,21,0,6,12,0,1,0,1,0,0,7,679,21,0,6,12,0,1,0,1,0,0,11,50,39,11,2,0,195,9,172,0,8,0,0.0125,1,2005-05-25 22:13:09,1117059189,4,7,5,10
4214,20,23,116,6,17,0,60,0.6896551724137931,66,34,0,8,3,4,1,0,0,0,0,5,66,34,0,8,3,4,1,0,0,0,0,2,50,46,4,4,0,39,6,48,0,8,2,0.05172413793103448,1,2005-05-25 22:14:09,1117059249,6,7,3,6
4215,9,20,396,4,18,0,350,0.2222222222222222,355,10,0,25,1,0,5,0,0,0,0,5,355,10,0,25,1,0,5,0,0,0,0,1,42,38,4,3,0,191,10,110,0,8,2,0.02525252525252525,1,2005-05-25 22:15:09,1117059309,4,6,12,24
4216,12,5,422,4,11,0,365,0.1872037914691943,373,31,0,9,7,1,1,0,0,0,0,5,373,31,0,9,7,1,1,0,0,0,0,1,43,36,7,13,0,194,0,108,0,8,4,0.0,0,2005-05-25 22:16:09,1117059369,4,7,4,8
4217,6,4,386,4,17,0,337,0.13730569948186527,363,10,0,6,3,2,0,1,0,1,0,8,363,10,0,6,3,2,0,1,0,1,0,18,27,19,8,4,0,188,8,98,0,6,3,0.02072538860103627,2,2005-05-25 22:17:09,1117059429,4,9,28,56
4218,9,8,414,4,14,0,331,0.34299516908212563,357,38,0,8,3,1,0,0,0,0,1,11,357,38,0,8,3,1,0,0,0,0,1,3,79,56,23,1,0,189,10,112,0,6,5,0.024154589371980683,2,2005-05-25 22:18:09,1117059489,4,7,13,26
4219,9,3,694,4,17,0,634,0.12968299711815562,647,33,0,9,2,0,0,0,0,0,0,11,647,33,0,9,2,0,0,0,0,0,0,2,56,45,11,2,0,190,4,152,0,8,0,0.005763688760806916,1,2005-05-25 22:19:09,1117059549,4,6,3,6
4220,10,12,420,4,18,0,370,0.15,389,14,0,11,3,0,1,1,1,0,0,7,389,14,0,11,3,0,1,1,1,0,0,11,37,29,8,2,0,188,3,120,0,10,0,0.0071428571428571435,1,2005-05-25 22:20:09,1117059609,4,6,13,26
4221,5,14,420,4,17,0,374,0.16904761904761906,383,3,0,34,0,0,0,0,0,0,0,2,383,3,0,34,0,0,0,0,0,0,0,0,45,36,9,1,0,195,2,92,0,14,0,0.0047619047619047615,1,2005-05-25 22:21:09,1117059669,4,6,10,20
4222,33,5,524,4,18,0,393,0.24856596558317398,432,63,0,18,9,1,0,0,0,0,0,4,432,63,0,18,9,1,0,0,0,0,0,2,127,90,37,1,1,225,3,110,0,10,2,0.005725190839694657,1,2005-05-25 22:22:09,1117059729,4,7,3,6
4223,10,5,598,4,17,0,534,0.08193979933110368,575,11,0,6,2,1,2,1,0,0,0,6,575,11,0,6,2,1,2,1,0,0,0,9,49,17,32,6,0,194,4,126,0,12,1,0.006688963210702341,1,2005-05-25 22:23:09,1117059789,4,7,50,100
4224,7,13,806,4,19,0,695,0.15384615384615385,719,70,0,8,6,0,0,2,0,1,0,8,719,70,0,8,6,0,0,2,0,1,0,11,87,74,13,13,0,250,2,174,0,10,5,0.0024813895781637717,1,2005-05-25 22:24:09,1117059849,4,6,27,54
4225,4,8,504,4,17,0,397,0.20436507936507936,419,76,0,5,3,0,0,0,0,1,0,8,419,76,0,5,3,0,0,0,0,1,0,9,79,66,13,19,0,231,6,130,0,10,27,0.011904761904761904,1,2005-05-25 22:25:09,1117059909,4,6,9,18
4226,11,6,392,4,18,0,347,0.11224489795918367,362,21,0,5,3,1,0,0,0,0,0,4,362,21,0,5,3,1,0,0,0,0,0,0,44,29,15,1,0,190,0,112,0,4,0,0.0,0,2005-05-25 22:26:09,1117059969,4,6,42,84
4227,14,3,390,4,17,0,340,0.1564102564102564,357,17,0,12,1,0,2,0,1,0,0,7,357,17,0,12,1,0,2,0,1,0,0,10,36,29,7,4,0,186,3,110,0,6,2,0.007692307692307694,1,2005-05-25 22:27:09,1117060029,4,7,32,64
4228,23,40,916,4,18,0,759,0.3482532751091703,788,72,1,17,2,1,18,16,1,0,0,10,788,72,1,17,2,1,18,16,1,0,0,13,78,62,16,66,0,265,2,212,0,18,8,0.002183406113537118,1,2005-05-25 22:28:09,1117060089,4,6,12,24
4229,18,15,410,4,17,0,361,0.3853658536585366,373,5,0,6,0,1,13,12,0,0,0,6,373,5,0,6,0,1,13,12,0,0,0,4,31,23,8,14,0,182,1,106,0,8,0,0.0024390243902439024,1,2005-05-25 22:29:09,1117060149,4,6,2,4
4230,6,4,326,4,11,0,305,0.08282208588957055,313,4,0,7,0,1,1,0,0,0,0,5,313,4,0,7,0,1,1,0,0,0,0,2,19,13,6,0,0,160,0,86,0,0,0,0.0,0,2005-05-25 22:30:09,1117060209,4,6,13,26
4231,55,22,518,4,12,0,418,0.19884169884169886,434,68,0,13,3,0,0,0,0,0,0,3,434,68,0,13,3,0,0,0,0,0,0,12,85,81,4,3,0,232,0,112,0,6,33,0.0,0,2005-05-25 22:31:09,1117060269,4,8,5,10
4232,14,44,600,4,18,0,520,0.16333333333333333,531,51,0,12,1,5,0,0,0,0,0,4,531,51,0,12,1,5,0,0,0,0,0,2,76,67,9,2,0,212,4,130,0,12,35,0.006666666666666667,1,2005-05-25 22:32:09,1117060329,4,9,3,6
4233,9,4,378,6,17,0,339,0.12433862433862433,348,18,0,9,1,2,0,0,0,0,0,4,348,18,0,9,1,2,0,0,0,0,0,1,34,26,8,4,0,181,2,112,0,8,0,0.005291005291005291,1,2005-05-25 22:33:09,1117060389,6,7,5,10
4234,12,11,388,3,18,0,345,0.16494845360824742,354,13,0,17,2,1,0,0,1,0,0,7,354,13,0,17,2,1,0,0,1,0,0,3,37,31,6,3,0,189,0,114,0,6,1,0.0,0,2005-05-25 22:34:09,1117060449,3,8,14,28
4235,10,19,430,4,11,0,370,0.17674418604651165,387,18,0,18,6,1,0,0,0,0,0,4,387,18,0,18,6,1,0,0,0,0,0,11,44,38,6,5,0,199,4,128,0,8,0,0.009302325581395349,1,2005-05-25 22:35:09,1117060509,4,8,5,10
4236,24,19,778,4,19,0,680,0.19794344473007716,701,39,0,19,7,10,0,0,0,2,0,8,701,39,0,19,7,10,0,0,0,2,0,1,93,73,20,4,0,224,1,182,0,14,1,0.0012853470437017994,1,2005-05-25 22:36:09,1117060569,4,10,6,12
4237,6,16,374,5,12,0,319,0.20320855614973266,347,5,0,9,2,10,0,0,1,0,0,7,347,5,0,9,2,10,0,0,1,0,0,5,49,26,23,1,0,173,0,82,0,8,0,0.0,0,2005-05-25 22:37:09,1117060629,5,7,3,6
4238,5,8,346,6,11,0,320,0.1184971098265896,329,3,0,10,2,1,0,0,0,1,0,8,329,3,0,10,2,1,0,0,0,1,0,1,21,13,8,4,0,172,2,84,0,2,1,0.005780346820809247,1,2005-05-25 22:38:09,1117060689,6,7,15,30
4239,13,3,524,4,11,0,418,0.15839694656488548,452,62,0,9,1,0,0,0,0,0,0,3,452,62,0,9,1,0,0,0,0,0,0,23,81,70,11,2,0,244,17,132,0,6,0,0.03244274809160305,1,2005-05-25 22:39:09,1117060749,4,8,10,20
4240,55,7,494,9,19,0,401,0.4574898785425101,411,24,0,34,5,10,0,4,5,0,0,20,411,24,0,34,5,10,0,4,5,0,0,0,91,81,10,2,0,235,45,162,0,2,0,0.09109311740890688,1,2005-05-25 22:40:09,1117060809,9,9,57,114
4241,74,57,728,4,19,0,539,0.6978021978021978,559,90,0,16,3,11,1,9,38,1,0,8,559,90,0,16,3,11,1,9,38,1,0,2,137,119,18,50,0,319,15,176,0,8,66,0.020604395604395604,1,2005-05-25 22:41:09,1117060869,4,9,7,14
4242,34,58,920,4,21,0,756,0.4054347826086957,792,44,0,31,14,5,0,33,1,0,0,7,792,44,0,31,14,5,0,33,1,0,0,14,143,128,15,7,0,286,5,230,0,12,0,0.005434782608695652,1,2005-05-25 22:42:09,1117060929,4,9,27,54
4243,8,7,424,5,15,0,358,0.2240566037735849,382,26,0,7,2,4,1,0,0,0,0,17,382,26,0,7,2,4,1,0,0,0,0,2,61,39,22,3,0,202,2,116,0,8,4,0.0047169811320754715,1,2005-05-25 22:43:09,1117060989,5,6,2,4
4244,2,6,506,5,12,0,463,0.12055335968379445,468,31,0,3,1,1,0,1,0,0,0,11,468,31,0,3,1,1,0,1,0,0,0,1,39,35,4,3,0,248,0,114,0,6,5,0.0,0,2005-05-25 22:44:09,1117061049,5,6,32,64
4245,45,34,852,5,14,0,719,0.3345070422535211,729,33,0,72,4,0,0,2,12,0,0,7,729,33,0,72,4,0,0,2,12,0,0,0,121,111,10,12,0,248,3,190,0,4,1,0.0035211267605633804,1,2005-05-25 22:45:09,1117061109,5,7,30,60
4246,17,3,428,4,11,0,359,0.2476635514018692,383,21,0,11,1,0,12,0,0,0,0,5,383,21,0,11,1,0,12,0,0,0,0,12,57,45,12,0,0,210,0,90,0,6,0,0.0,0,2005-05-25 22:46:09,1117061169,4,6,4,8
4247,8,25,434,5,12,0,368,0.34101382488479265,374,15,0,18,19,0,8,0,0,0,0,5,374,15,0,18,19,0,8,0,0,0,0,0,31,25,6,35,0,204,0,104,0,6,0,0.0,0,2005-05-25 22:47:09,1117061229,5,6,1,2
4248,4,21,414,5,17,0,357,0.25120772946859904,367,22,0,18,2,0,2,1,0,0,0,12,367,22,0,18,2,0,2,1,0,0,0,1,51,42,9,5,0,183,0,96,0,6,0,0.0,0,2005-05-25 22:48:09,1117061289,5,6,1,2
4249,12,6,708,4,17,0,664,0.0876944837340877,679,8,0,9,8,3,0,0,0,0,0,4,679,8,0,9,8,3,0,0,0,0,0,5,37,27,10,1,1,181,2,166,0,10,2,0.002824858757062147,1,2005-05-25 22:49:09,1117061349,4,6,14,28
4250,2,5,348,4,11,0,320,0.08908045977011493,338,2,0,3,3,0,0,1,0,1,0,8,338,2,0,3,3,0,0,1,0,1,0,12,16,10,6,0,0,168,0,82,0,4,0,0.0,0,2005-05-25 22:50:09,1117061409,4,6,1,2
4251,3,3,362,4,16,0,323,0.1160220994475138,336,16,0,7,1,1,1,0,0,0,0,5,336,16,0,7,1,1,1,0,0,0,0,7,27,21,6,5,0,174,2,98,0,6,0,0.0055248618784530384,1,2005-05-25 22:51:09,1117061469,4,9,12,24
4252,13,12,398,5,12,0,350,0.17839195979899494,362,14,0,13,8,0,0,0,1,0,0,7,362,14,0,13,8,0,0,0,1,0,0,3,42,35,7,3,0,185,0,110,0,8,9,0.0,0,2005-05-25 22:52:09,1117061529,5,7,2,4
4253,8,10,372,5,12,0,330,0.13440860215053765,342,11,0,18,1,0,0,0,0,0,0,3,342,11,0,18,1,0,0,0,0,0,0,8,32,28,4,2,0,173,0,98,0,6,7,0.0,0,2005-05-25 22:53:09,1117061589,5,6,20,40
4254,8,4,374,4,11,0,340,0.08021390374331551,358,3,0,12,1,0,0,0,0,0,0,3,358,3,0,12,1,0,0,0,0,0,0,12,21,15,6,1,0,184,0,82,0,6,0,0.0,0,2005-05-25 22:54:09,1117061649,4,6,2,4
4255,35,14,756,5,17,0,669,0.2264900662251656,690,36,0,12,10,0,0,1,0,0,0,13,690,36,0,12,10,0,0,1,0,0,0,8,78,65,13,0,1,196,16,202,0,10,1,0.021164021164021163,1,2005-05-25 22:55:09,1117061709,5,8,13,26
4256,6,7,358,5,22,0,329,0.1340782122905028,336,11,0,7,2,0,0,1,0,0,0,11,336,11,0,7,2,0,0,1,0,0,0,1,28,22,6,0,0,176,0,94,0,6,0,0.0,0,2005-05-25 22:56:09,1117061769,5,10,19,38
4257,6,6,348,7,24,0,311,0.14985590778097982,322,11,0,9,0,2,3,0,0,0,0,5,322,11,0,9,0,2,3,0,0,0,0,7,27,23,4,2,1,168,0,86,0,10,4,0.0,0,2005-05-25 22:57:09,1117061829,6,10,9,18
4258,23,13,442,4,11,0,371,0.1832579185520362,396,14,0,29,3,0,0,0,0,0,0,3,396,14,0,29,3,0,0,0,0,0,0,13,56,44,12,2,0,208,6,122,0,6,2,0.013574660633484163,1,2005-05-25 22:58:09,1117061889,4,6,11,22
4259,5,19,372,5,11,0,331,0.1720430107526882,344,4,0,20,0,0,4,0,0,0,0,5,344,4,0,20,0,0,4,0,0,0,0,7,32,26,6,2,0,183,2,84,0,4,0,0.005376344086021507,1,2005-05-25 22:59:09,1117061949,4,6,9,18
4260,20,16,786,4,11,0,684,0.21628498727735368,698,52,0,16,6,3,10,1,0,0,0,6,698,52,0,16,6,3,10,1,0,0,0,1,93,80,13,8,0,221,5,210,0,6,11,0.0063613231552162855,1,2005-05-25 23:00:09,1117062009,4,7,19,38
4261,24,14,564,5,13,0,431,0.398936170212766,458,43,0,35,16,1,8,1,2,0,0,7,458,43,0,35,16,1,8,1,2,0,0,13,98,84,14,22,0,269,7,190,0,6,9,0.012411347517730495,1,2005-05-25 23:01:09,1117062069,5,8,6,12
4262,37,5,462,4,13,0,373,0.3701298701298701,390,28,0,16,10,16,0,1,0,0,0,11,390,28,0,16,10,16,0,1,0,0,0,2,85,71,14,2,0,220,4,146,0,2,0,0.008658008658008658,1,2005-05-25 23:02:09,1117062129,4,7,30,60
4263,6,5,368,4,13,0,334,0.08967391304347826,350,8,0,7,1,2,0,0,0,0,0,4,350,8,0,7,1,2,0,0,0,0,0,10,21,15,6,3,0,174,2,104,0,6,0,0.005434782608695652,1,2005-05-25 23:03:09,1117062189,4,7,15,30
4264,6,7,650,12,12,0,606,0.1076923076923077,616,20,0,7,1,3,2,0,0,0,0,11,616,20,0,7,1,3,2,0,0,0,0,1,40,31,9,3,0,184,1,140,0,6,2,0.0015384615384615385,1,2005-05-25 23:04:09,1117062249,5,8,15,30
4265,12,26,464,4,11,0,377,0.2203023758099352,409,18,1,33,1,0,1,0,0,0,0,10,409,18,1,33,1,0,1,0,0,0,0,26,39,33,6,21,1,219,4,108,0,4,0,0.008620689655172414,1,2005-05-25 23:05:09,1117062309,4,6,15,30
4266,8,4,364,4,11,0,335,0.0934065934065934,343,17,0,0,2,0,1,1,0,0,0,6,343,17,0,0,2,0,1,1,0,0,0,1,27,20,7,1,0,176,0,102,0,4,0,0.0,0,2005-05-25 23:06:09,1117062369,4,6,6,12
4267,14,20,412,4,17,0,362,0.25728155339805825,372,6,0,21,9,0,0,0,2,1,1,9,372,6,0,21,9,0,0,0,2,1,1,3,31,24,7,16,0,185,1,120,0,8,0,0.0024271844660194173,1,2005-05-25 23:07:09,1117062429,4,10,7,14
4268,10,17,414,3,17,0,360,0.24029126213592236,372,15,0,13,6,0,2,2,0,0,2,9,372,15,0,13,6,0,2,2,0,0,2,5,42,35,7,5,2,187,2,140,0,8,1,0.004830917874396135,1,2005-05-25 23:08:09,1117062489,3,10,13,26
4269,9,5,692,4,19,0,628,0.09971098265895954,662,18,0,6,1,1,1,0,0,2,0,11,662,18,0,6,1,1,1,0,0,2,0,18,42,26,16,4,0,195,4,154,0,10,3,0.005780346820809247,1,2005-05-25 23:09:09,1117062549,4,7,11,22
4270,3,4,354,3,11,0,332,0.08192090395480225,340,7,0,3,3,0,0,0,1,0,0,7,340,7,0,3,3,0,0,0,1,0,0,1,21,14,7,0,0,168,1,88,0,10,3,0.002824858757062147,1,2005-05-25 23:10:09,1117062609,3,6,2,4
4271,5,7,354,4,11,0,328,0.11016949152542373,335,7,0,9,0,1,2,0,0,0,0,5,335,7,0,9,0,1,2,0,0,0,0,1,22,16,6,3,0,169,0,90,0,8,0,0.0,0,2005-05-25 23:11:09,1117062669,4,5,1,2
4272,21,14,398,4,11,0,351,0.1984924623115578,358,6,0,31,2,0,1,0,0,0,0,5,358,6,0,31,2,0,1,0,0,0,0,0,46,39,7,1,0,194,0,102,0,8,2,0.0,0,2005-05-25 23:12:09,1117062729,4,6,13,26
4273,16,15,644,5,11,0,576,0.14906832298136646,598,18,0,6,22,0,0,0,0,0,0,3,598,18,0,6,22,0,0,0,0,0,0,14,54,46,8,0,0,202,0,124,0,8,30,0.0,0,2005-05-25 23:13:09,1117062789,5,6,3,6
4274,7,6,672,4,11,0,625,0.08333333333333333,636,26,0,5,2,1,2,0,0,0,0,5,636,26,0,5,2,1,2,0,0,0,0,0,45,34,11,2,0,184,0,156,0,4,13,0.0,0,2005-05-25 23:14:09,1117062849,4,7,15,30
4275,42,4,428,4,11,0,363,0.21728971962616825,372,40,0,9,4,0,0,0,1,2,0,8,372,40,0,9,4,0,0,0,1,2,0,3,60,54,6,2,0,204,0,94,0,6,2,0.0,0,2005-05-25 23:15:09,1117062909,4,7,15,30
4276,4,35,520,4,11,0,411,0.2634615384615385,428,53,0,34,4,1,0,0,0,0,0,4,428,53,0,34,4,1,0,0,0,0,0,10,96,89,7,3,0,225,2,108,0,10,24,0.003846153846153847,1,2005-05-25 23:16:09,1117062969,4,6,5,10
4277,12,7,348,5,8,0,306,0.16379310344827586,321,11,0,4,11,0,1,0,0,0,0,5,321,11,0,4,11,0,1,0,0,0,0,9,32,26,6,1,0,169,0,96,0,4,0,0.0,0,2005-05-25 23:17:09,1117063029,5,6,8,16
4278,14,6,366,4,11,0,334,0.14207650273224046,341,11,0,7,4,2,0,0,1,0,0,7,341,11,0,7,4,2,0,0,1,0,0,0,30,23,7,2,0,178,0,92,0,6,1,0.0,0,2005-05-25 23:18:09,1117063089,4,6,6,12
4279,4,15,374,3,11,0,328,0.18181818181818185,343,11,0,13,1,2,4,0,0,0,0,5,343,11,0,13,1,2,4,0,0,0,0,9,35,29,6,2,0,181,4,98,0,4,0,0.0106951871657754,1,2005-05-25 23:19:09,1117063149,3,6,20,40
4280,7,5,692,4,11,0,639,0.06647398843930635,665,15,0,7,3,2,0,0,0,0,0,4,665,15,0,7,3,2,0,0,0,0,0,15,37,26,11,1,0,190,0,160,0,6,4,0.0,0,2005-05-25 23:20:09,1117063209,4,7,14,28
4281,8,6,362,4,11,0,334,0.1132596685082873,348,2,0,3,3,6,0,0,0,0,0,4,348,2,0,3,3,6,0,0,0,0,0,8,19,13,6,1,0,166,0,80,0,10,0,0.0,0,2005-05-25 23:21:09,1117063269,4,6,2,4
4282,10,3,342,5,11,0,316,0.1111111111111111,323,10,0,2,5,1,1,0,0,0,0,5,323,10,0,2,5,1,1,0,0,0,0,1,25,19,6,0,0,166,0,94,0,2,2,0.0,0,2005-05-25 23:22:09,1117063329,5,7,3,6
4283,5,6,348,5,11,0,324,0.10057471264367816,333,5,0,5,3,0,1,1,0,0,0,6,333,5,0,5,3,0,1,1,0,0,0,1,21,13,8,2,0,168,2,92,0,2,0,0.005747126436781609,1,2005-05-25 23:23:09,1117063389,5,7,16,32
4284,3,5,368,4,11,0,335,0.07336956521739131,353,6,0,6,3,0,0,0,0,0,0,3,353,6,0,6,3,0,0,0,0,0,0,11,19,12,7,3,0,176,9,90,0,4,0,0.02445652173913044,2,2005-05-25 23:24:09,1117063449,4,5,2,4
4285,6,9,658,4,17,0,610,0.14285714285714285,629,12,0,8,5,0,0,0,0,0,0,14,629,12,0,8,5,0,0,0,0,0,0,7,32,20,12,9,0,175,0,142,0,6,3,0.0,0,2005-05-25 23:25:09,1117063509,4,6,10,20
4286,8,3,354,4,11,0,326,0.0903954802259887,331,14,0,9,0,0,0,0,0,0,0,2,331,14,0,9,0,0,0,0,0,0,0,1,27,23,4,0,0,173,0,78,0,4,1,0.0,0,2005-05-25 23:26:09,1117063569,4,7,2,4
4287,13,5,366,4,11,0,327,0.09562841530054644,342,14,0,9,1,0,0,0,0,0,0,3,342,14,0,9,1,0,0,0,0,0,0,9,30,24,6,0,0,175,0,92,0,2,0,0.0,0,2005-05-25 23:27:09,1117063629,4,7,26,52
4288,3,7,378,4,11,0,341,0.0925925925925926,360,11,0,5,1,0,0,0,0,0,0,11,360,11,0,5,1,0,0,0,0,0,0,11,24,16,8,2,0,183,2,94,0,4,0,0.005291005291005291,1,2005-05-25 23:28:09,1117063689,4,7,8,16
4289,2,9,366,4,11,0,339,0.1010928961748634,349,6,0,4,6,0,1,0,0,0,0,5,349,6,0,4,6,0,1,0,0,0,0,2,20,12,8,5,0,169,5,90,0,10,6,0.01366120218579235,2,2005-05-25 23:29:09,1117063749,4,6,2,4
4290,10,179,994,5,16,0,764,0.8350100603621731,796,10,2,20,13,128,1,12,7,0,0,19,796,10,2,20,13,128,1,12,7,0,0,1,218,187,31,11,0,350,11,232,0,18,15,0.011066398390342052,1,2005-05-25 23:30:09,1117063809,5,8,12,24
4291,206,142,1380,9,12,0,892,0.8543478260869565,966,62,0,166,111,17,8,39,3,0,0,12,966,62,0,166,111,17,8,39,3,0,0,12,474,412,62,2,0,545,5,284,0,12,12,0.0036231884057971015,1,2005-05-25 23:31:09,1117063869,8,8,4,8
4292,106,6,822,17,17,0,537,1.0194647201946472,564,144,0,17,4,11,10,2,24,45,0,14,564,144,0,17,4,11,10,2,24,45,0,1,284,258,26,0,0,321,2,176,0,6,8,0.0024330900243309003,1,2005-05-25 23:32:09,1117063929,5,8,29,58
4293,48,7,448,4,13,0,370,0.6383928571428571,379,15,0,2,7,4,24,13,0,4,0,8,379,15,0,2,7,4,24,13,0,4,0,0,76,67,9,2,0,215,0,100,0,6,0,0.0,0,2005-05-25 23:33:09,1117063989,4,6,13,26
4294,5,3,418,4,11,0,362,0.10047846889952153,384,28,0,4,2,0,0,0,0,0,0,3,384,28,0,4,2,0,0,0,0,0,0,10,44,32,12,2,0,187,6,112,0,8,0,0.014354066985645932,1,2005-05-25 23:34:09,1117064049,4,5,10,20
4295,2,11,314,4,11,0,275,0.1597444089456869,288,13,0,3,7,0,2,0,0,0,0,5,288,13,0,3,7,0,2,0,0,0,0,10,21,18,3,7,1,151,0,68,0,2,0,0.0,0,2005-05-25 23:35:09,1117064109,4,5,9,18
4296,10,15,710,4,11,0,642,0.1028169014084507,670,21,0,9,8,0,2,0,0,0,0,5,670,21,0,9,8,0,2,0,0,0,0,11,53,36,17,4,0,185,6,184,0,6,0,0.008450704225352112,1,2005-05-25 23:36:09,1117064169,4,7,2,4
4297,7,7,372,5,17,0,339,0.17473118279569896,348,8,0,9,4,0,0,0,0,0,3,9,348,8,0,9,4,0,0,0,0,0,3,0,33,24,9,0,0,177,2,108,0,4,2,0.005376344086021507,1,2005-05-25 23:37:09,1117064229,5,7,9,18
4298,5,16,388,5,17,0,344,0.22422680412371132,357,8,0,14,5,0,0,0,0,3,0,12,357,8,0,14,5,0,0,0,0,3,0,4,37,29,8,3,0,183,6,116,0,4,1,0.015463917525773196,1,2005-05-25 23:38:09,1117064289,5,7,13,26
4299,29,9,156,3,17,0,97,0.8397435897435898,112,6,0,7,28,0,0,0,1,0,1,11,112,6,0,7,28,0,0,0,1,0,1,13,45,43,2,1,0,70,2,68,0,2,0,0.01282051282051282,1,2005-05-25 23:39:09,1117064349,3,7,13,26
4300,8,3,366,4,11,0,333,0.09836065573770493,350,7,0,3,3,2,0,1,0,0,0,6,350,7,0,3,3,2,0,1,0,0,0,8,22,13,9,3,0,169,10,94,0,4,0,0.0273224043715847,1,2005-05-25 23:40:09,1117064409,4,7,22,44
4301,4,3,356,4,11,0,325,0.07865168539325842,337,13,0,3,3,0,0,0,0,0,0,3,337,13,0,3,3,0,0,0,0,0,0,1,29,18,11,1,0,173,0,86,0,4,0,0.0,0,2005-05-25 23:41:09,1117064469,4,5,14,28
4302,0,2,332,4,11,0,318,0.030120481927710843,324,6,0,2,0,0,0,0,0,0,0,2,324,6,0,2,0,0,0,0,0,0,0,2,12,8,4,0,0,165,0,72,0,2,0,0.0,0,2005-05-25 23:42:09,1117064529,4,5,4,8
4303,7,6,704,4,13,0,652,0.07244318181818182,675,15,0,10,1,2,1,0,0,0,0,5,675,15,0,10,1,2,1,0,0,0,0,11,37,25,12,4,0,185,1,170,0,6,0,0.0014204545454545455,1,2005-05-25 23:43:09,1117064589,4,8,1,2
4304,5,4,360,4,11,0,335,0.07777777777777778,342,13,0,3,0,1,1,0,0,0,0,5,342,13,0,3,0,1,1,0,0,0,0,1,24,18,6,0,0,167,0,88,0,6,0,0.0,0,2005-05-25 23:44:09,1117064649,4,11,3,6
4305,6,6,370,6,11,0,335,0.14594594594594595,349,9,0,3,0,8,0,0,1,0,0,7,349,9,0,3,0,8,0,0,1,0,0,8,26,20,6,1,0,177,0,92,0,2,0,0.0,0,2005-05-25 23:45:09,1117064709,6,11,22,44
4306,1,8,366,3,11,0,337,0.08196721311475409,354,4,0,3,0,5,0,0,0,0,0,4,354,4,0,3,0,5,0,0,0,0,0,13,13,9,4,3,0,179,0,80,0,4,0,0.0,0,2005-05-25 23:46:09,1117064769,3,5,8,16
4307,3,0,580,4,11,0,552,0.04827586206896552,559,15,0,5,1,0,0,0,0,0,0,3,559,15,0,5,1,0,0,0,0,0,0,0,28,21,7,0,0,178,0,126,0,6,0,0.0,0,2005-05-25 23:47:09,1117064829,4,6,3,6
4308,4,5,624,4,11,0,589,0.04166666666666666,606,10,0,8,0,0,0,0,0,0,0,2,606,10,0,8,0,0,0,0,0,0,0,2,33,18,15,0,0,175,0,144,0,2,0,0.0,0,2005-05-25 23:48:09,1117064889,4,6,4,8
4309,10,6,362,5,11,0,331,0.11049723756906077,340,10,0,9,1,1,1,0,0,0,0,5,340,10,0,9,1,1,1,0,0,0,0,2,28,21,7,1,0,168,4,102,0,4,0,0.011049723756906077,1,2005-05-25 23:49:09,1117064949,5,6,13,26
4310,17,14,458,4,12,0,389,0.19868995633187767,409,29,0,12,1,2,3,2,0,0,0,6,409,29,0,12,1,2,3,2,0,0,0,11,54,45,9,4,0,202,9,124,0,10,1,0.019650655021834062,1,2005-05-25 23:50:09,1117065009,4,7,1,2
4311,28,41,732,8,22,0,625,0.5109289617486339,641,15,0,6,31,6,13,10,1,1,6,20,641,15,0,6,31,6,13,10,1,1,6,5,80,69,11,22,0,250,12,180,0,8,0,0.016393442622950817,1,2005-05-25 23:51:09,1117065069,8,8,15,30
4312,21,22,462,9,11,0,389,0.22294372294372292,398,45,0,12,2,0,4,0,0,1,0,8,398,45,0,12,2,0,4,0,0,1,0,1,65,57,8,7,0,217,0,104,0,12,3,0.0,0,2005-05-25 23:52:09,1117065129,5,6,5,10
4313,9,18,400,4,19,0,348,0.2625,357,19,0,13,1,0,7,1,0,2,0,8,357,19,0,13,1,0,7,1,0,2,0,2,47,40,7,3,0,184,3,118,0,10,1,0.0075,1,2005-05-25 23:53:09,1117065189,4,7,35,70
4314,6,11,422,3,21,0,353,0.2463768115942029,381,11,0,5,2,9,3,1,0,0,2,9,381,11,0,5,2,9,3,1,0,0,2,18,39,29,10,4,8,198,0,112,0,8,3,0.0,0,2005-05-25 23:54:09,1117065249,3,7,15,30
4315,21,13,400,4,17,0,342,0.36,354,18,0,3,6,6,1,11,1,0,0,7,354,18,0,3,6,6,1,11,1,0,0,1,55,44,11,2,0,190,0,118,0,6,1,0.0,0,2005-05-25 23:55:09,1117065309,4,7,6,12
4316,8,8,408,4,11,0,365,0.16666666666666666,374,13,0,14,4,1,1,1,0,0,0,6,374,13,0,14,4,1,1,1,0,0,0,3,25,19,6,15,0,188,0,108,0,8,1,0.0,0,2005-05-25 23:56:09,1117065369,4,6,4,8
4317,55,11,562,4,17,0,444,0.31494661921708184,469,56,0,12,13,6,3,2,1,0,0,7,469,56,0,12,13,6,3,2,1,0,0,13,102,90,12,3,0,230,21,182,0,18,10,0.037366548042704624,1,2005-05-25 23:57:09,1117065429,4,7,19,38
4318,28,14,422,5,14,0,359,0.4360189573459716,365,4,0,16,20,4,9,1,3,0,0,7,365,4,0,16,20,4,9,1,3,0,0,0,55,49,6,8,0,186,5,118,0,10,7,0.011848341232227487,2,2005-05-25 23:58:09,1117065489,5,7,3,6
4319,5,10,376,3,17,0,338,0.2845744680851064,347,9,0,9,3,1,1,2,0,0,0,13,347,9,0,9,3,1,1,2,0,0,0,2,32,25,7,4,0,182,8,96,0,6,1,0.02127659574468085,3,2005-05-25 23:59:09,1117065549,3,6,10,20
4320,7,16,384,4,14,0,342,0.25,356,7,0,10,3,1,2,1,1,0,1,12,356,7,0,10,3,1,2,1,1,0,1,10,27,23,4,5,0,182,2,118,0,4,3,0.005208333333333333,1,2005-05-26 00:00:09,1117065609,4,7,16,32
4321,15,11,448,3,19,0,384,0.2566964285714285,412,11,0,6,8,1,5,3,0,1,0,13,412,11,0,6,8,1,5,3,0,1,0,17,43,32,11,4,0,204,14,132,0,8,1,0.03125,2,2005-05-26 00:01:09,1117065669,3,8,20,40
4322,12,6,372,4,22,0,335,0.1989247311827957,349,5,0,5,6,2,1,1,2,1,0,8,349,5,0,5,6,2,1,1,2,1,0,8,26,20,6,3,0,173,3,94,0,6,2,0.008064516129032258,1,2005-05-26 00:02:09,1117065729,4,10,4,8
4323,6,8,354,3,11,0,324,0.1016949152542373,333,13,0,3,4,0,1,0,0,0,0,5,333,13,0,3,4,0,1,0,0,0,0,1,29,21,8,0,0,171,0,90,0,6,3,0.0,0,2005-05-26 00:03:09,1117065789,3,7,16,32
4324,13,11,438,4,17,0,373,0.2356979405034325,387,26,0,15,0,5,1,0,2,1,0,8,387,26,0,15,0,5,1,0,2,1,0,8,49,43,6,7,1,191,8,112,0,14,4,0.0182648401826484,1,2005-05-26 00:04:09,1117065849,4,7,15,30
4325,18,21,564,5,19,0,479,0.3280141843971631,507,28,0,8,11,0,0,0,0,2,0,12,507,28,0,8,11,0,0,0,0,2,0,16,52,40,12,17,0,210,0,152,0,18,9,0.0,0,2005-05-26 00:05:09,1117065909,4,7,7,14
4326,5,5,348,4,11,0,320,0.11494252873563217,329,6,0,8,4,0,0,1,0,0,0,6,329,6,0,8,4,0,0,1,0,0,0,1,26,18,8,1,0,170,0,88,0,6,0,0.0,0,2005-05-26 00:06:09,1117065969,4,7,12,24
4327,12,4,392,4,19,0,348,0.1096938775510204,365,20,0,3,3,0,0,0,0,1,0,8,365,20,0,3,3,0,0,0,0,1,0,8,35,26,9,1,0,185,0,104,0,4,0,0.0,0,2005-05-26 00:07:09,1117066029,4,7,3,6
4328,18,11,646,15,17,0,592,0.14086687306501547,606,14,0,13,6,5,1,0,0,1,0,8,606,14,0,13,6,5,1,0,0,1,0,2,45,33,12,7,0,195,0,132,0,14,6,0.0,0,2005-05-26 00:08:09,1117066089,7,8,21,42
4329,21,18,718,5,16,0,651,0.18245125348189412,676,8,0,6,18,1,5,0,4,0,0,7,676,8,0,6,18,1,5,0,4,0,0,12,53,40,13,2,0,200,0,160,0,10,1,0.0,0,2005-05-26 00:09:09,1117066149,4,8,15,30
4330,6,21,408,7,17,0,358,0.1862745098039216,375,17,0,9,2,0,1,1,0,3,0,8,375,17,0,9,2,0,1,1,0,3,0,7,36,26,10,7,0,194,0,106,0,12,1,0.0,0,2005-05-26 00:10:09,1117066209,7,7,3,6
4331,28,30,520,5,11,0,432,0.34423076923076923,450,21,0,22,13,7,0,4,1,2,0,8,450,21,0,22,13,7,0,4,1,2,0,7,71,60,11,10,0,218,4,132,0,12,7,0.007692307692307694,1,2005-05-26 00:11:09,1117066269,5,9,19,38
4332,17,7,632,3,17,0,571,0.11075949367088607,600,5,0,17,9,1,0,0,0,0,0,4,600,5,0,17,9,1,0,0,0,0,0,13,46,30,16,2,0,194,8,144,0,8,1,0.012658227848101266,1,2005-05-26 00:12:09,1117066329,3,7,12,24
4333,4,10,614,5,11,0,587,0.06514657980456026,598,3,0,7,1,5,0,0,0,0,0,4,598,3,0,7,1,5,0,0,0,0,0,1,20,10,10,6,0,175,0,128,0,6,0,0.0,0,2005-05-26 00:13:09,1117066389,5,7,17,34
4334,2,4,346,4,11,0,327,0.05491329479768786,336,5,0,2,2,1,0,0,0,0,0,4,336,5,0,2,2,1,0,0,0,0,0,2,16,9,7,1,0,168,0,86,0,2,0,0.0,0,2005-05-26 00:14:09,1117066449,4,6,1,2
4335,8,5,392,4,17,0,347,0.1096938775510204,361,19,0,12,0,0,0,0,0,0,0,2,361,19,0,12,0,0,0,0,0,0,0,7,32,25,7,6,0,184,0,94,0,4,0,0.0,0,2005-05-26 00:15:09,1117066509,4,5,20,40
4336,16,14,414,3,18,0,358,0.16183574879227053,373,23,0,14,3,0,0,0,1,0,0,7,373,23,0,14,3,0,0,0,1,0,0,11,34,30,4,11,0,200,0,106,0,8,1,0.0,0,2005-05-26 00:16:09,1117066569,3,7,5,10
4337,7,9,398,4,17,0,351,0.14321608040201006,360,24,0,12,1,0,0,1,0,0,0,6,360,24,0,12,1,0,0,1,0,0,0,1,33,25,8,13,0,192,5,104,0,12,1,0.01256281407035176,1,2005-05-26 00:17:09,1117066629,4,6,18,36
4338,20,13,908,4,18,0,680,0.16519823788546256,783,104,0,17,4,0,0,0,0,0,0,3,783,104,0,17,4,0,0,0,0,0,0,15,210,123,87,3,0,281,4,188,0,12,3,0.004405286343612335,1,2005-05-26 00:18:09,1117066689,4,6,13,26
4339,9,16,560,4,17,0,370,0.22321428571428573,454,87,0,19,0,0,0,0,0,0,0,2,454,87,0,19,0,0,0,0,0,0,0,7,181,104,77,2,0,259,0,108,0,10,0,0.0,0,2005-05-26 00:19:09,1117066749,4,7,21,42
4340,9,33,448,4,19,0,378,0.468609865470852,396,8,0,11,4,1,0,20,5,1,0,8,396,8,0,11,4,1,0,20,5,1,0,11,55,48,7,2,2,215,3,102,0,6,2,0.006696428571428571,1,2005-05-26 00:20:09,1117066809,4,7,8,16
4341,8,9,150,3,17,0,91,0.5933333333333334,101,33,0,7,3,4,0,0,0,1,1,9,101,33,0,7,3,4,0,0,0,1,1,6,47,43,4,6,0,68,0,52,0,6,0,0.0,0,2005-05-26 00:21:09,1117066869,3,8,16,32
4342,16,11,436,4,19,0,367,0.16055045871559634,397,21,0,11,5,1,0,0,0,1,0,8,397,21,0,11,5,1,0,0,0,1,0,14,45,29,16,10,0,195,0,106,0,6,0,0.0,0,2005-05-26 00:22:09,1117066929,4,7,13,26
4343,8,12,716,3,17,0,668,0.12849162011173185,689,10,0,4,7,0,0,0,4,1,0,17,689,10,0,4,7,0,0,0,4,1,0,11,32,22,10,5,0,192,0,168,0,10,0,0.0,0,2005-05-26 00:23:09,1117066989,3,7,20,40
4344,22,16,480,6,19,0,413,0.22083333333333333,434,16,0,24,3,0,0,0,0,1,0,13,434,16,0,24,3,0,0,0,0,1,0,10,42,33,9,15,0,219,1,110,0,6,0,0.0020833333333333333,1,2005-05-26 00:24:09,1117067049,6,6,22,44
4345,8,15,310,3,17,0,261,0.2161290322580645,267,27,0,13,2,0,0,0,0,1,0,8,267,27,0,13,2,0,0,0,0,1,0,0,40,34,6,9,0,139,8,72,0,10,7,0.025806451612903226,1,2005-05-26 00:25:09,1117067109,3,6,21,42
4346,9,5,378,4,18,0,337,0.07936507936507936,361,5,0,11,1,0,0,0,0,0,0,3,361,5,0,11,1,0,0,0,0,0,0,9,32,17,15,0,0,177,0,82,0,14,2,0.0,0,2005-05-26 00:26:09,1117067169,4,6,17,34
4347,11,11,412,11,17,0,363,0.2305825242718447,376,14,0,3,10,4,1,4,0,0,0,6,376,14,0,3,10,4,1,4,0,0,0,7,36,30,6,6,0,197,16,90,0,12,16,0.03883495145631068,2,2005-05-26 00:27:09,1117067229,7,7,3,6
4348,11,5,394,4,19,0,355,0.12944162436548226,372,9,0,3,8,1,0,0,0,1,0,8,372,9,0,3,8,1,0,0,0,1,0,11,24,18,6,4,0,185,5,92,0,10,0,0.012690355329949237,1,2005-05-26 00:28:09,1117067289,4,7,5,10
4349,3,9,418,4,17,0,372,0.19138755980861244,384,7,0,15,10,0,1,0,0,1,0,8,384,7,0,15,10,0,1,0,0,1,0,3,31,22,9,12,0,186,0,112,0,4,7,0.0,0,2005-05-26 00:29:09,1117067349,4,7,15,30
4350,12,13,492,3,18,0,414,0.22764227642276424,438,19,1,28,0,4,1,1,0,0,0,10,438,19,1,28,0,4,1,1,0,0,0,15,61,52,9,2,0,201,0,142,0,8,7,0.0,0,2005-05-26 00:30:09,1117067409,3,6,21,42
4351,5,14,394,3,17,0,340,0.14213197969543148,364,17,0,5,5,1,2,0,0,0,0,5,364,17,0,5,5,1,2,0,0,0,0,17,31,24,7,6,0,191,0,100,0,6,0,0.0,0,2005-05-26 00:31:09,1117067469,3,7,11,22
4352,2,5,346,4,11,0,321,0.04335260115606936,337,4,0,4,1,0,0,0,0,0,0,3,337,4,0,4,1,0,0,0,0,0,0,3,20,7,13,2,0,168,0,90,0,6,0,0.0,0,2005-05-26 00:32:09,1117067529,4,5,5,10
4353,19,11,440,4,18,0,386,0.2431818181818182,401,5,0,24,6,0,0,0,2,0,0,11,401,5,0,24,6,0,0,0,2,0,0,0,38,23,15,16,0,199,16,126,0,8,0,0.03636363636363636,1,2005-05-26 00:33:09,1117067589,4,7,1,2
4354,2,12,380,4,19,0,350,0.09210526315789473,364,2,0,11,1,2,0,0,0,0,0,4,364,2,0,11,1,2,0,0,0,0,0,6,23,15,8,1,0,184,2,88,0,6,0,0.005263157894736842,1,2005-05-26 00:34:09,1117067649,4,8,14,28
4355,2,0,370,3,18,0,346,0.01891891891891892,365,3,0,2,0,0,0,0,0,0,0,2,365,3,0,2,0,0,0,0,0,0,0,13,11,5,6,0,0,179,0,84,0,8,0,0.0,0,2005-05-26 00:35:09,1117067709,3,6,11,22
4356,6,9,400,4,17,0,365,0.0925,379,9,0,8,4,0,0,0,0,0,0,3,379,9,0,8,4,0,0,0,0,0,0,6,25,18,7,4,0,182,9,98,0,10,0,0.0225,1,2005-05-26 00:36:09,1117067769,4,5,7,14
4357,15,8,434,16,16,0,384,0.16589861751152074,396,22,0,11,2,0,2,0,0,0,0,12,396,22,0,11,2,0,2,0,0,0,0,6,42,36,6,2,0,193,10,118,0,6,1,0.02304147465437788,1,2005-05-26 00:37:09,1117067829,8,8,20,40
4358,27,7,786,5,17,0,706,0.14376590330788805,719,44,0,16,1,3,2,0,0,0,0,12,719,44,0,16,1,3,2,0,0,0,0,1,73,61,12,6,0,230,56,228,0,10,12,0.07124681933842239,1,2005-05-26 00:38:09,1117067889,4,8,7,14
4359,24,8,450,5,17,0,377,0.18,409,27,0,5,4,0,4,0,0,0,0,12,409,27,0,5,4,0,4,0,0,0,0,12,54,34,20,7,0,205,14,122,0,12,5,0.031111111111111114,1,2005-05-26 00:39:09,1117067949,5,9,5,10
4360,9,14,382,17,18,0,340,0.193717277486911,350,14,0,10,1,0,6,0,1,0,0,7,350,14,0,10,1,0,6,0,1,0,0,2,39,31,8,1,0,180,2,116,0,6,1,0.005235602094240838,1,2005-05-26 00:40:09,1117068009,5,7,7,14
4361,24,4,370,4,11,0,335,0.1837837837837838,342,8,0,10,4,2,4,0,0,0,0,5,342,8,0,10,4,2,4,0,0,0,0,3,30,26,4,2,0,177,0,98,0,2,0,0.0,0,2005-05-26 00:41:09,1117068069,4,7,26,52
4362,1,8,336,4,8,0,305,0.06845238095238096,325,2,0,6,3,0,0,0,0,0,0,3,325,2,0,6,3,0,0,0,0,0,0,12,19,11,8,0,0,159,0,76,0,4,0,0.0,0,2005-05-26 00:42:09,1117068129,4,5,11,22
4363,9,36,786,7,17,0,694,0.15521628498727735,721,18,0,40,6,0,0,1,0,0,0,6,721,18,0,40,6,0,0,1,0,0,0,14,70,57,13,8,0,208,1,166,0,14,11,0.001272264631043257,1,2005-05-26 00:43:09,1117068189,6,6,3,6
4364,5,5,350,4,18,0,323,0.08,330,12,0,8,0,0,0,0,0,0,0,2,330,12,0,8,0,0,0,0,0,0,0,1,26,20,6,0,0,170,0,78,0,8,0,0.0,0,2005-05-26 00:44:09,1117068249,4,6,4,8
4365,17,9,408,3,17,0,367,0.18382352941176472,375,20,0,5,3,2,0,0,0,2,0,12,375,20,0,5,3,2,0,0,0,2,0,2,39,33,6,0,0,194,21,114,0,6,0,0.05147058823529412,2,2005-05-26 00:45:09,1117068309,3,6,13,26
4366,12,8,668,3,21,0,588,0.15568862275449102,608,51,1,1,1,0,4,1,0,0,0,12,608,51,1,1,1,0,4,1,0,0,0,10,65,55,10,5,0,219,17,150,0,6,0,0.025449101796407185,1,2005-05-26 00:46:09,1117068369,3,8,3,6
4367,5,30,438,3,22,0,387,0.1552511415525114,396,28,0,11,1,1,0,0,0,0,0,11,396,28,0,11,1,1,0,0,0,0,0,1,49,41,8,1,0,200,29,142,0,10,0,0.06621004566210045,1,2005-05-26 00:47:09,1117068429,3,10,10,20
4368,7,8,360,4,19,0,330,0.11388888888888887,338,12,0,6,3,0,0,0,0,1,0,8,338,12,0,6,3,0,0,0,0,1,0,1,29,22,7,0,0,176,4,90,0,6,0,0.011111111111111113,1,2005-05-26 00:48:09,1117068489,4,5,11,22
4369,3,14,350,4,17,0,319,0.1457142857142857,326,8,0,11,3,1,0,0,0,1,0,8,326,8,0,11,3,1,0,0,0,1,0,3,20,16,4,8,0,170,0,86,0,8,1,0.0,0,2005-05-26 00:49:09,1117068549,4,6,21,42
4370,7,24,506,4,11,0,402,0.2035573122529644,433,53,0,13,4,3,0,0,0,0,0,4,433,53,0,13,4,3,0,0,0,0,0,22,72,63,9,10,0,231,20,128,0,8,1,0.03952569169960474,1,2005-05-26 00:50:09,1117068609,4,7,4,8
4371,8,3,586,5,11,0,561,0.04948805460750853,570,8,0,5,1,2,0,0,0,0,0,4,570,8,0,5,1,2,0,0,0,0,0,1,22,14,8,2,0,169,8,122,0,6,0,0.013651877133105802,1,2005-05-26 00:51:09,1117068669,5,7,2,4
4372,43,10,488,4,19,0,416,0.23565573770491804,426,36,0,15,3,3,4,0,0,1,0,8,426,36,0,15,3,3,4,0,0,1,0,3,67,60,7,2,0,213,24,180,0,14,0,0.049180327868852465,1,2005-05-26 00:52:09,1117068729,4,6,17,34
4373,7,5,408,3,17,0,367,0.14215686274509806,386,7,0,6,6,0,0,1,1,1,0,8,386,7,0,6,6,0,0,1,1,1,0,13,27,21,6,1,0,187,2,106,0,8,0,0.004901960784313725,1,2005-05-26 00:53:09,1117068789,3,7,6,12
4374,3,5,652,7,12,0,615,0.06912442396313365,636,5,1,3,4,0,0,2,0,0,0,10,636,5,1,3,4,0,0,2,0,0,0,9,26,14,12,1,1,179,0,144,0,6,2,0.0,0,2005-05-26 00:54:09,1117068849,6,6,11,22
4375,7,1,560,5,17,0,437,0.2357142857142857,449,103,0,2,3,0,2,1,0,0,0,6,449,103,0,2,3,0,2,1,0,0,0,1,119,108,11,3,0,264,0,146,0,4,0,0.0,0,2005-05-26 00:55:09,1117068909,5,6,4,8
4376,3,10,440,4,11,0,359,0.1863636363636364,374,52,0,12,2,0,0,0,0,0,0,3,374,52,0,12,2,0,0,0,0,0,0,6,74,65,9,1,0,213,0,92,0,2,0,0.0,0,2005-05-26 00:56:09,1117068969,4,6,14,28
4377,17,22,480,3,18,0,410,0.25416666666666665,433,9,0,14,20,2,0,1,0,0,0,11,433,9,0,14,20,2,0,1,0,0,0,14,51,42,9,5,0,212,0,132,0,10,0,0.0,0,2005-05-26 00:57:09,1117069029,3,8,6,12
4378,26,7,438,5,19,0,384,0.2922374429223744,393,11,0,9,17,1,5,0,0,1,0,11,393,11,0,9,17,1,5,0,0,1,0,1,51,43,8,2,0,197,0,124,0,8,0,0.0,0,2005-05-26 00:58:09,1117069089,5,9,5,10
4379,20,5,674,4,17,0,631,0.08605341246290801,644,18,0,3,6,2,0,0,0,1,0,8,644,18,0,3,6,2,0,0,0,1,0,1,39,27,12,3,0,180,2,142,0,12,1,0.002967359050445104,1,2005-05-26 00:59:09,1117069149,4,6,11,22
4380,6,7,374,6,17,0,345,0.11497326203208555,353,9,0,6,3,2,1,0,0,0,0,5,353,9,0,6,3,2,1,0,0,0,0,3,23,18,5,3,0,180,0,96,0,10,2,0.0,0,2005-05-26 01:00:09,1117069209,6,6,15,30
4381,21,19,450,5,19,0,372,0.34,396,12,0,23,3,1,10,4,0,1,0,8,396,12,0,23,3,1,10,4,0,1,0,17,52,45,7,9,0,210,0,120,2,8,3,0.0,0,2005-05-26 01:01:09,1117069269,3,10,5,10
4382,6,13,394,3,17,0,358,0.2131979695431472,365,11,0,12,2,0,1,0,0,1,0,15,365,11,0,12,2,0,1,0,0,1,0,1,30,24,6,5,0,186,2,104,0,8,2,0.005076142131979695,1,2005-05-26 01:02:09,1117069329,3,6,5,10
4383,10,7,614,4,19,0,584,0.13029315960912052,594,3,0,6,4,2,1,0,0,2,0,12,594,3,0,6,4,2,1,0,0,2,0,1,29,20,9,0,0,178,0,126,0,6,0,0.0,0,2005-05-26 01:03:09,1117069389,4,6,5,10
4384,4,12,446,4,17,0,378,0.2690582959641256,389,31,0,19,1,0,3,0,0,1,0,13,389,31,0,19,1,0,3,0,0,1,0,2,60,51,9,6,0,195,26,114,0,12,4,0.05829596412556054,2,2005-05-26 01:04:09,1117069449,4,8,18,36
4385,13,13,724,4,19,0,650,0.1464088397790055,676,32,0,5,4,0,4,0,0,1,0,13,676,32,0,5,4,0,4,0,0,1,0,12,56,42,14,6,0,199,2,174,0,14,6,0.0027624309392265192,1,2005-05-26 01:05:09,1117069509,4,8,17,34
4386,10,39,496,3,17,0,398,0.2419354838709677,408,68,0,15,2,2,0,0,0,1,0,8,408,68,0,15,2,2,0,0,0,1,0,2,93,85,8,3,0,239,34,180,0,6,4,0.06854838709677419,1,2005-05-26 01:06:09,1117069569,3,7,2,4
4387,5,14,438,4,19,0,374,0.1917808219178082,381,43,0,9,2,1,1,0,0,1,0,8,381,43,0,9,2,1,1,0,0,1,0,2,56,51,5,6,0,210,20,138,0,6,0,0.045662100456620995,1,2005-05-26 01:07:09,1117069629,4,6,13,26
4388,5,24,432,4,11,0,379,0.2366589327146172,390,11,0,11,15,0,0,4,0,0,0,6,390,11,0,11,15,0,0,4,0,0,0,1,51,41,10,0,1,191,9,122,0,4,0,0.02083333333333333,1,2005-05-26 01:08:09,1117069689,4,6,9,18
4389,5,2,368,4,17,0,337,0.06793478260869565,359,3,0,1,4,0,0,0,0,1,0,8,359,3,0,1,4,0,0,0,0,1,0,17,13,8,5,1,0,178,0,82,0,6,0,0.0,0,2005-05-26 01:09:09,1117069749,4,6,3,6
4390,18,19,404,4,19,0,357,0.2400990099009901,366,2,0,18,17,0,0,0,0,1,0,8,366,2,0,18,17,0,0,0,0,1,0,1,43,35,8,3,0,181,0,86,0,8,0,0.0,0,2005-05-26 01:10:09,1117069809,4,6,2,4
4391,21,11,548,5,17,0,424,0.3248175182481752,441,78,0,13,8,2,0,2,2,2,0,8,441,78,0,13,8,2,0,2,2,2,0,0,122,105,17,2,0,256,1,160,0,8,0,0.0018248175182481753,1,2005-05-26 01:11:09,1117069869,5,7,37,74
4392,76,19,886,3,18,0,732,0.23024830699774265,753,71,0,55,5,2,0,0,0,0,0,4,753,71,0,55,5,2,0,0,0,0,0,13,139,131,8,2,0,281,18,190,0,6,51,0.02031602708803612,1,2005-05-26 01:12:09,1117069929,3,6,9,18
4393,26,10,460,4,17,0,377,0.29347826086956524,386,41,0,27,2,2,0,0,0,0,0,13,386,41,0,27,2,2,0,0,0,0,0,1,76,68,8,6,0,224,14,120,2,6,23,0.03043478260869565,1,2005-05-26 01:13:09,1117069989,4,7,3,6
4394,9,64,692,3,19,0,548,0.37716763005780346,561,60,0,31,35,0,1,1,1,2,0,8,561,60,0,31,35,0,1,1,1,2,0,3,117,107,10,24,0,287,12,158,4,12,29,0.017341040462427744,1,2005-05-26 01:14:09,1117070049,3,7,3,6
4395,2,12,508,4,17,0,412,0.20866141732283466,423,73,0,8,3,0,0,0,0,1,0,8,423,73,0,8,3,0,0,0,0,1,0,1,83,73,10,12,0,241,4,152,0,6,1,0.007874015748031496,1,2005-05-26 01:15:09,1117070109,4,5,12,24
4396,8,2,672,4,19,0,630,0.05803571428571429,651,12,0,5,3,0,0,0,0,1,0,8,651,12,0,5,3,0,0,0,0,1,0,11,30,20,10,1,0,189,0,136,0,8,0,0.0,0,2005-05-26 01:16:09,1117070169,4,5,11,22
4397,9,10,364,5,18,0,335,0.1978021978021978,342,3,0,13,2,1,0,0,0,1,0,14,342,3,0,13,2,1,0,0,0,1,0,1,24,18,6,4,0,177,0,90,0,6,0,0.0,0,2005-05-26 01:17:09,1117070229,3,7,4,8
4398,11,8,502,4,17,0,399,0.3187250996015936,409,76,0,9,1,0,3,0,0,0,0,12,409,76,0,9,1,0,3,0,0,0,0,0,100,90,10,3,0,208,0,154,0,8,2,0.0,0,2005-05-26 01:18:09,1117070289,4,9,2,4
4399,7,11,424,3,17,0,375,0.15330188679245282,388,20,0,8,4,3,1,0,0,0,0,5,388,20,0,8,4,3,1,0,0,0,0,4,42,33,9,3,0,185,0,120,0,14,4,0.0,0,2005-05-26 01:19:09,1117070349,3,7,15,30
4400,7,8,632,4,21,0,594,0.0759493670886076,614,5,0,8,1,1,0,2,0,1,0,8,614,5,0,8,1,1,0,2,0,1,0,12,24,16,8,2,0,182,4,134,0,6,0,0.006329113924050633,1,2005-05-26 01:20:09,1117070409,4,8,4,8
4401,6,5,418,4,17,0,399,0.08133971291866028,405,2,0,6,4,0,0,0,0,1,0,8,405,2,0,6,4,0,0,0,0,1,0,0,19,13,6,0,0,169,2,122,0,4,0,0.004784688995215311,1,2005-05-26 01:21:09,1117070469,4,6,0,0
4402,12,7,360,4,11,0,331,0.14722222222222225,337,4,0,11,5,3,0,0,0,0,0,4,337,4,0,11,5,3,0,0,0,0,0,0,28,22,6,1,0,169,4,86,0,6,0,0.011111111111111113,1,2005-05-26 01:22:09,1117070529,4,7,13,26
4403,3,2,354,17,17,0,336,0.0423728813559322,344,6,0,3,1,0,0,0,0,0,0,3,344,6,0,3,1,0,0,0,0,0,0,2,16,10,6,0,0,166,0,80,0,8,0,0.0,0,2005-05-26 01:23:09,1117070589,5,6,5,10
4404,9,4,434,3,19,0,373,0.15898617511520738,389,37,0,3,2,0,0,2,0,1,0,8,389,37,0,3,2,0,0,2,0,1,0,10,49,43,6,2,0,210,0,116,0,8,0,0.0,0,2005-05-26 01:24:09,1117070649,3,5,2,4
4405,14,7,374,4,17,0,341,0.14209115281501342,349,9,0,9,4,0,0,1,0,1,0,8,349,9,0,9,4,0,0,1,0,1,0,1,29,22,7,2,1,174,2,100,0,10,5,0.0053475935828877,1,2005-05-26 01:25:09,1117070709,4,7,3,6
4406,7,13,628,4,11,0,591,0.06528662420382167,602,17,0,3,6,0,0,0,0,0,0,3,602,17,0,3,6,0,0,0,0,0,0,1,35,25,10,1,0,174,4,128,0,8,4,0.006369426751592357,1,2005-05-26 01:26:09,1117070769,4,5,15,30
4407,4,5,350,5,18,0,321,0.06857142857142857,340,3,0,2,3,2,0,0,0,0,0,4,340,3,0,2,3,2,0,0,0,0,0,12,17,10,7,0,0,170,0,84,0,6,0,0.0,0,2005-05-26 01:27:09,1117070829,5,6,10,20
4408,11,13,748,4,17,0,665,0.12433155080213905,688,44,0,4,7,5,0,0,0,0,0,4,688,44,0,4,7,5,0,0,0,0,0,11,67,55,12,5,0,208,0,190,0,8,1,0.0,0,2005-05-26 01:28:09,1117070889,4,7,6,12
4409,6,7,364,6,11,0,333,0.12637362637362634,342,9,0,7,1,5,0,0,0,0,0,4,342,9,0,7,1,5,0,0,0,0,0,1,29,21,8,1,0,171,0,94,0,6,0,0.0,0,2005-05-26 01:29:09,1117070949,6,6,3,6
4410,4,5,348,4,17,0,325,0.08045977011494253,333,6,0,5,4,0,0,0,0,0,0,3,333,6,0,5,4,0,0,0,0,0,0,1,19,12,7,3,0,171,0,82,0,6,0,0.0,0,2005-05-26 01:30:09,1117071009,4,5,25,50
4411,7,3,418,6,11,0,361,0.1291866028708134,380,27,0,6,5,0,0,0,0,0,0,3,380,27,0,6,5,0,0,0,0,0,0,12,43,36,7,2,0,202,3,114,0,8,2,0.0071770334928229675,1,2005-05-26 01:31:09,1117071069,6,8,4,8
4412,11,4,416,5,17,0,362,0.1875,381,9,0,19,5,0,1,0,0,0,0,11,381,9,0,19,5,0,1,0,0,0,0,1,50,32,18,3,0,190,27,116,0,14,3,0.06490384615384616,1,2005-05-26 01:32:09,1117071129,5,6,4,8
4413,35,6,476,4,11,0,395,0.2394957983193277,406,30,0,37,2,1,0,0,0,0,0,4,406,30,0,37,2,1,0,0,0,0,0,4,75,68,7,2,0,210,5,102,0,2,1,0.01050420168067227,1,2005-05-26 01:33:09,1117071189,4,6,4,8
4414,13,14,490,4,19,0,431,0.1653061224489796,452,13,0,17,5,1,0,0,1,1,0,8,452,13,0,17,5,1,0,0,1,1,0,10,41,30,11,8,0,192,0,162,0,12,0,0.0,0,2005-05-26 01:34:09,1117071249,4,6,15,30
4415,2,3,354,4,17,0,329,0.0903954802259887,337,11,0,2,3,0,0,0,0,1,0,8,337,11,0,2,3,0,0,0,0,1,0,2,23,17,6,0,0,172,0,84,0,10,0,0.0,0,2005-05-26 01:35:09,1117071309,4,6,8,16
4416,4,2,380,4,19,0,340,0.09210526315789473,356,20,0,2,1,0,0,0,0,1,0,8,356,20,0,2,1,0,0,0,0,1,0,8,21,13,8,11,0,177,0,82,0,14,1,0.0,0,2005-05-26 01:36:09,1117071369,4,7,3,6
4417,3,10,388,4,17,0,347,0.15463917525773194,354,17,0,13,3,0,0,0,0,1,0,8,354,17,0,13,3,0,0,0,0,1,0,2,37,32,5,2,0,183,0,88,0,8,0,0.0,0,2005-05-26 01:37:09,1117071429,4,5,12,24
4418,5,2,370,4,18,0,339,0.054054054054054064,357,7,0,5,1,0,0,0,0,0,0,3,357,7,0,5,1,0,0,0,0,0,0,11,19,12,7,1,0,176,0,86,0,6,0,0.0,0,2005-05-26 01:38:09,1117071489,4,6,3,6
4419,8,4,568,6,17,0,543,0.03873239436619718,555,7,0,3,3,0,0,0,0,0,0,3,555,7,0,3,3,0,0,0,0,0,0,4,19,11,8,2,0,172,8,114,0,8,0,0.014084507042253518,1,2005-05-26 01:39:09,1117071549,6,6,5,10
4420,6,5,380,4,11,0,348,0.08421052631578947,357,16,0,5,2,0,0,0,0,0,0,3,357,16,0,5,2,0,0,0,0,0,0,1,30,22,8,1,0,181,3,100,0,8,2,0.007894736842105262,1,2005-05-26 01:40:09,1117071609,4,5,9,18
4421,7,9,362,4,17,0,329,0.09392265193370164,341,10,0,10,0,1,0,0,0,0,0,4,341,10,0,10,0,1,0,0,0,0,0,1,25,14,11,7,0,178,4,90,0,6,0,0.011049723756906077,1,2005-05-26 01:41:09,1117071669,4,7,18,36
4422,14,13,426,5,19,0,368,0.1596244131455399,392,18,0,9,3,1,1,1,0,1,0,8,392,18,0,9,3,1,1,1,0,1,0,13,43,32,11,2,0,197,10,126,0,6,0,0.023474178403755867,1,2005-05-26 01:42:09,1117071729,5,7,2,4
4423,7,3,370,4,17,0,346,0.0972972972972973,354,5,0,7,3,0,0,0,0,1,0,8,354,5,0,7,3,0,0,0,0,1,0,0,23,15,8,1,0,175,0,92,0,8,0,0.0,0,2005-05-26 01:43:09,1117071789,4,6,6,12
4424,4,10,364,4,11,0,339,0.11813186813186813,344,3,0,11,6,0,0,0,0,0,0,3,344,3,0,11,6,0,0,0,0,0,0,1,21,17,4,3,0,173,0,90,0,6,1,0.0,0,2005-05-26 01:44:09,1117071849,4,6,1,2
4425,11,36,458,4,17,0,379,0.27510917030567683,388,15,0,54,1,0,0,0,0,0,0,3,388,15,0,54,1,0,0,0,0,0,0,2,77,70,7,0,0,220,8,102,0,10,1,0.017467248908296942,1,2005-05-26 01:45:09,1117071909,4,5,14,28
4426,15,3,388,4,19,0,343,0.17010309278350516,364,6,0,7,2,8,0,0,0,1,0,8,364,6,0,7,2,8,0,0,0,1,0,12,29,20,9,4,0,188,0,96,0,6,0,0.0,0,2005-05-26 01:46:09,1117071969,4,7,2,4
4427,11,5,388,4,17,0,344,0.17525773195876287,355,22,0,4,3,1,0,0,0,2,1,9,355,22,0,4,3,1,0,0,0,2,1,2,41,32,9,1,0,185,0,98,0,8,4,0.0,0,2005-05-26 01:47:09,1117072029,4,8,6,12
4428,7,16,202,4,19,0,157,0.4405940594059406,164,16,0,7,5,9,0,0,0,1,0,8,164,16,0,7,5,9,0,0,0,1,0,2,41,36,5,2,0,96,0,76,0,10,4,0.0,0,2005-05-26 01:48:09,1117072089,4,5,12,24
4429,7,12,402,4,11,0,357,0.11691542288557212,376,14,0,6,3,3,0,0,0,0,0,4,376,14,0,6,3,3,0,0,0,0,0,10,35,26,9,0,0,186,0,100,0,6,0,0.0,0,2005-05-26 01:49:09,1117072149,4,5,1,2
4430,5,11,712,4,19,0,676,0.07865168539325842,689,7,0,10,3,1,0,0,0,2,0,8,689,7,0,10,3,1,0,0,0,2,0,2,31,20,11,3,0,186,0,166,0,12,0,0.0,0,2005-05-26 01:50:09,1117072209,4,5,5,10
4431,20,3,382,17,17,0,350,0.11518324607329845,356,18,0,4,2,1,0,0,0,1,0,8,356,18,0,4,2,1,0,0,0,1,0,0,31,25,6,1,0,179,0,76,0,12,2,0.0,0,2005-05-26 01:51:09,1117072269,5,6,3,6
4432,5,27,350,3,11,0,304,0.25142857142857145,309,21,1,14,3,1,0,0,0,0,0,16,309,21,1,14,3,1,0,0,0,0,0,1,41,37,4,4,0,165,0,70,0,8,8,0.0,0,2005-05-26 01:52:09,1117072329,3,7,13,26
4433,19,3,386,4,17,0,347,0.14766839378238342,364,13,0,3,3,0,1,0,0,0,0,12,364,13,0,3,3,0,1,0,0,0,0,11,27,21,6,1,0,188,11,86,0,4,0,0.028497409326424868,1,2005-05-26 01:53:09,1117072389,4,6,1,2
4434,11,2,354,4,17,0,325,0.09322033898305083,336,13,0,0,2,1,2,0,0,0,0,5,336,13,0,0,2,1,2,0,0,0,0,4,24,17,7,1,0,171,0,88,0,4,0,0.0,0,2005-05-26 01:54:09,1117072449,4,6,13,26
4435,12,12,370,11,19,0,327,0.21891891891891893,339,13,0,6,4,0,6,1,0,1,0,8,339,13,0,6,4,0,6,1,0,1,0,2,35,25,10,6,0,177,0,106,0,6,1,0.0,0,2005-05-26 01:55:09,1117072509,9,9,1,2
4436,19,8,864,4,17,0,748,0.16666666666666666,764,80,0,11,3,0,5,0,0,1,0,8,764,80,0,11,3,0,5,0,0,1,0,0,109,93,16,7,0,226,0,248,0,8,3,0.0,0,2005-05-26 01:56:09,1117072569,4,7,20,40
4437,2,7,412,3,19,0,375,0.08980582524271845,392,12,0,5,1,1,0,0,0,1,0,8,392,12,0,5,1,1,0,0,0,1,0,12,23,18,5,2,0,193,0,104,0,10,0,0.0,0,2005-05-26 01:57:09,1117072629,3,5,6,12
4438,8,5,378,4,17,0,340,0.12698412698412698,350,17,0,7,3,0,0,0,0,1,0,8,350,17,0,7,3,0,0,0,0,1,0,2,28,20,8,8,0,179,3,100,2,8,3,0.007936507936507936,1,2005-05-26 01:58:09,1117072689,4,6,6,12
4439,17,6,404,7,19,0,350,0.2531017369727047,360,19,0,10,4,2,7,0,0,1,0,8,360,19,0,10,4,2,7,0,0,1,0,1,52,43,9,0,1,193,3,116,0,8,3,0.007425742574257425,1,2005-05-26 01:59:09,1117072749,5,7,3,6
4440,9,23,528,17,17,0,416,0.3958333333333333,425,69,0,9,6,3,7,7,1,1,0,8,425,69,0,9,6,3,7,7,1,1,0,3,99,93,6,10,0,254,10,156,0,8,0,0.01893939393939394,1,2005-05-26 02:00:09,1117072809,5,8,15,30
4441,18,3,404,7,13,0,355,0.196029776674938,372,7,0,7,14,1,1,0,1,0,0,7,372,7,0,7,14,1,1,0,1,0,0,10,38,31,7,0,1,190,2,114,0,4,2,0.0049504950495049506,1,2005-05-26 02:01:09,1117072869,7,8,11,22
4442,42,16,538,3,19,0,432,0.4070631970260223,445,31,0,34,18,4,0,1,0,1,4,9,445,31,0,34,18,4,0,1,0,1,4,2,96,85,11,8,0,210,11,162,0,12,14,0.02044609665427509,1,2005-05-26 02:02:09,1117072929,3,11,12,24
4443,8,27,656,3,17,0,603,0.12957317073170732,613,21,0,12,6,2,0,1,0,1,0,8,613,21,0,12,6,2,0,1,0,1,0,1,49,40,9,3,0,183,0,160,0,4,0,0.0,0,2005-05-26 02:03:09,1117072989,3,9,27,54
4444,12,8,400,4,18,0,353,0.18,376,8,0,5,5,1,4,0,0,0,0,15,376,8,0,5,5,1,4,0,0,0,0,17,25,19,6,5,0,187,6,96,0,10,3,0.015,1,2005-05-26 02:04:09,1117073049,4,8,9,18
4445,41,12,468,5,19,0,380,0.3162393162393162,388,63,4,3,6,0,3,1,0,0,0,10,388,63,4,3,6,0,3,1,0,0,0,1,71,64,7,16,0,213,7,114,0,4,33,0.014893617021276596,1,2005-05-26 02:05:09,1117073109,5,9,10,20
4446,9,12,388,4,19,0,347,0.20103092783505155,361,11,0,7,3,0,4,0,0,1,0,16,361,11,0,7,3,0,4,0,0,1,0,8,33,27,6,0,0,180,2,96,0,10,0,0.005154639175257732,1,2005-05-26 02:06:09,1117073169,4,8,33,66
4447,12,59,862,6,19,0,695,0.43786295005807196,708,43,0,21,75,9,1,3,0,1,0,8,708,43,0,21,75,9,1,3,0,1,0,2,136,125,11,28,1,296,7,212,0,14,36,0.008120649651972156,2,2005-05-26 02:07:09,1117073229,5,6,13,26
4448,15,17,600,9,18,0,452,0.5816666666666667,475,21,0,10,75,15,2,1,1,0,0,7,475,21,0,10,75,15,2,1,1,0,0,11,134,122,12,3,0,285,2,168,0,8,11,0.0033333333333333327,1,2005-05-26 02:08:09,1117073289,6,6,9,18
4449,16,10,452,17,17,0,382,0.4225663716814159,396,5,0,9,30,7,1,0,2,0,0,16,396,5,0,9,30,7,1,0,2,0,0,3,62,51,11,5,0,213,4,110,0,6,0,0.008849557522123894,1,2005-05-26 02:09:09,1117073349,5,7,3,6
4450,24,2,616,5,17,0,459,0.7548701298701299,468,1,0,5,119,19,3,1,0,0,0,6,468,1,0,5,119,19,3,1,0,0,0,1,155,147,8,1,0,305,0,152,0,14,14,0.0,0,2005-05-26 02:10:09,1117073409,5,7,5,10
4451,5,7,414,17,17,0,351,0.13768115942028986,361,49,0,4,0,0,0,0,0,0,0,2,361,49,0,4,0,0,0,0,0,0,0,3,58,51,7,2,0,198,0,90,0,4,0,0.0,0,2005-05-26 02:11:09,1117073469,5,5,19,38
4452,45,3,610,6,11,0,443,0.25245901639344265,480,108,0,20,2,0,0,0,0,0,0,3,480,108,0,20,2,0,0,0,0,0,0,18,146,127,19,3,0,286,17,120,0,10,35,0.027868852459016397,1,2005-05-26 02:12:09,1117073529,6,6,1,2
4453,15,44,540,15,19,0,421,0.3703703703703704,441,77,0,9,3,1,1,0,1,1,0,12,441,77,0,9,3,1,1,0,1,1,0,3,115,98,17,1,0,255,14,134,0,8,35,0.025925925925925925,1,2005-05-26 02:13:09,1117073589,5,6,3,6
4454,41,16,822,6,17,0,704,0.2688564476885645,718,66,0,27,2,1,0,1,0,1,0,13,718,66,0,27,2,1,0,1,0,1,0,1,116,103,13,1,0,222,0,200,0,6,0,0.0,0,2005-05-26 02:14:09,1117073649,6,6,16,32
4455,24,10,512,5,11,0,391,0.39453125,407,37,0,46,19,1,0,2,0,0,0,6,407,37,0,46,19,1,0,2,0,0,0,11,107,102,5,3,0,234,0,116,0,12,2,0.0,0,2005-05-26 02:15:09,1117073709,5,7,7,14
4456,8,10,450,5,17,0,366,0.3044444444444445,382,30,0,26,5,3,0,0,4,0,0,7,382,30,0,26,5,3,0,0,4,0,0,3,78,65,13,3,0,218,2,108,0,8,1,0.004405286343612335,1,2005-05-26 02:16:09,1117073769,5,6,14,28
4457,9,5,400,4,11,0,326,0.165,351,35,0,11,3,0,0,0,0,0,0,3,351,35,0,11,3,0,0,0,0,0,0,2,70,47,23,2,0,189,7,112,0,2,0,0.0175,1,2005-05-26 02:17:09,1117073829,4,5,13,26
4458,4,7,416,4,17,0,354,0.1778846153846154,381,10,0,18,3,1,3,0,0,0,0,5,381,10,0,18,3,1,3,0,0,0,0,10,50,33,17,2,0,186,3,120,0,10,0,0.007211538461538463,1,2005-05-26 02:18:09,1117073889,4,6,27,54
4459,8,6,428,4,18,0,359,0.1425233644859813,384,30,0,11,3,0,0,0,0,0,0,3,384,30,0,11,3,0,0,0,0,0,0,12,57,44,13,0,0,206,0,106,0,6,0,0.0,0,2005-05-26 02:19:09,1117073949,4,6,4,8
4460,14,6,680,5,17,0,632,0.10294117647058824,647,17,0,10,2,1,1,0,0,0,2,9,647,17,0,10,2,1,1,0,0,0,2,2,42,29,13,4,0,178,0,160,0,6,0,0.0,0,2005-05-26 02:20:09,1117074009,4,5,4,8
4461,16,25,518,5,18,0,390,0.2760617760617761,448,28,0,25,13,0,0,2,2,0,0,7,448,28,0,25,13,0,0,2,2,0,0,5,109,56,53,14,0,220,10,174,0,18,1,0.019157088122605363,1,2005-05-26 02:21:09,1117074069,5,6,14,28
4462,5,8,396,4,17,0,338,0.14898989898989898,359,24,0,5,7,1,0,0,0,0,0,4,359,24,0,5,7,1,0,0,0,0,0,2,55,36,19,1,0,193,10,104,0,4,1,0.02525252525252525,1,2005-05-26 02:22:09,1117074129,4,7,17,34
4463,5,10,424,5,19,0,366,0.1580188679245283,386,25,0,6,4,0,2,0,0,1,0,8,386,25,0,6,4,0,2,0,0,1,0,11,45,36,9,2,0,205,6,106,0,4,0,0.014150943396226415,1,2005-05-26 02:23:09,1117074189,4,6,24,48
4464,2,8,358,4,17,0,330,0.0977653631284916,343,5,0,5,4,0,0,0,0,1,0,8,343,5,0,5,4,0,0,0,0,1,0,1,26,14,12,1,0,173,4,92,0,4,0,0.0111731843575419,1,2005-05-26 02:24:09,1117074249,4,6,1,2
4465,11,7,438,5,19,0,377,0.16666666666666666,395,24,0,15,2,0,1,0,0,1,0,8,395,24,0,15,2,0,1,0,0,1,0,1,59,42,17,1,0,206,2,118,0,6,0,0.0045662100456621,1,2005-05-26 02:25:09,1117074309,5,6,5,10
4466,5,5,388,4,17,0,346,0.16237113402061856,356,10,0,19,1,1,0,0,0,1,0,8,356,10,0,19,1,1,0,0,0,1,0,1,33,24,9,8,0,179,0,88,0,10,13,0.0,0,2005-05-26 02:26:09,1117074369,4,5,15,30
4467,8,3,446,3,18,0,371,0.15022421524663676,393,48,1,3,1,0,0,0,0,0,0,10,393,48,1,3,1,0,0,0,0,0,0,10,64,52,12,1,0,213,6,122,0,2,0,0.01345291479820628,1,2005-05-26 02:27:09,1117074429,3,6,11,22
4468,11,9,464,4,12,0,383,0.20086393088552915,403,40,1,15,3,1,0,0,0,0,0,10,403,40,1,15,3,1,0,0,0,0,0,12,67,59,8,1,1,214,8,134,0,10,5,0.017241379310344827,1,2005-05-26 02:28:09,1117074489,4,6,3,6
4469,30,17,812,3,18,0,695,0.18842364532019704,714,64,0,20,9,4,0,1,0,0,0,6,714,64,0,20,9,4,0,1,0,0,0,1,111,93,18,5,0,233,2,222,0,6,0,0.0024630541871921183,1,2005-05-26 02:29:09,1117074549,3,8,18,36
4470,7,11,472,4,12,0,385,0.2055084745762712,408,47,0,5,10,1,0,1,0,0,0,6,408,47,0,5,10,1,0,1,0,0,0,13,72,62,10,2,0,229,0,120,0,4,0,0.0,0,2005-05-26 02:30:09,1117074609,4,6,3,6
4471,9,8,384,5,17,0,341,0.1796875,354,14,0,5,3,7,0,0,0,1,0,8,354,14,0,5,3,7,0,0,0,1,0,1,40,28,12,2,0,183,0,96,0,6,0,0.0,0,2005-05-26 02:31:09,1117074669,5,8,2,4
4472,9,9,356,4,18,0,329,0.14606741573033707,338,2,0,5,4,7,0,0,0,0,0,4,338,2,0,5,4,7,0,0,0,0,0,2,25,18,7,0,0,174,0,90,0,8,0,0.0,0,2005-05-26 02:32:09,1117074729,4,6,5,10
4473,36,21,638,4,19,0,552,0.16457680250783702,575,48,0,9,1,0,0,4,0,0,0,12,575,48,0,9,1,0,0,4,0,0,0,4,79,60,19,3,0,201,7,116,0,4,0,0.0109717868338558,2,2005-05-26 02:33:09,1117074789,4,8,21,42
4474,6,6,406,4,22,0,359,0.1625615763546798,384,11,0,1,6,0,0,0,2,1,0,13,384,11,0,1,6,0,0,0,2,1,0,18,26,19,7,3,0,185,11,94,0,10,0,0.027093596059113302,1,2005-05-26 02:34:09,1117074849,4,10,20,40
4475,12,3,356,5,17,0,319,0.1207865168539326,329,21,0,1,4,0,0,0,0,1,0,8,329,21,0,1,4,0,0,0,0,1,0,0,35,26,9,2,0,175,3,84,0,4,0,0.008426966292134831,1,2005-05-26 02:35:09,1117074909,5,5,14,28
4476,10,30,748,5,18,0,663,0.12985274431057564,689,45,0,5,1,0,3,4,0,0,0,6,689,45,0,5,1,0,3,4,0,0,0,10,53,37,16,21,1,206,0,158,0,10,2,0.0,0,2005-05-26 02:36:09,1117074969,5,6,5,10
4477,3,6,358,4,17,0,333,0.06722689075630252,343,8,0,5,0,0,0,1,0,0,0,6,343,8,0,5,0,0,0,1,0,0,0,1,19,10,9,4,1,172,2,82,0,8,0,0.00558659217877095,1,2005-05-26 02:37:09,1117075029,4,6,13,26
4478,6,7,112,4,19,0,68,0.6428571428571429,89,12,0,4,4,0,0,0,0,1,0,16,89,12,0,4,4,0,0,0,0,1,0,11,31,21,10,2,0,46,0,60,0,4,0,0.0,0,2005-05-26 02:38:09,1117075089,4,6,3,6
4479,21,3,382,3,17,0,327,0.2172774869109948,348,13,0,15,0,1,0,0,4,1,0,8,348,13,0,15,0,1,0,0,4,1,0,1,53,33,20,1,0,184,4,96,0,4,0,0.010471204188481676,1,2005-05-26 02:39:09,1117075149,3,8,1,2
4480,7,13,384,5,16,0,339,0.1640625,353,13,1,15,0,0,2,0,0,0,0,10,353,13,1,15,0,0,2,0,0,0,0,2,40,28,12,3,0,185,2,100,0,4,0,0.005208333333333333,1,2005-05-26 02:40:09,1117075209,5,7,24,48
4481,84,15,512,4,18,0,400,0.42578125,409,11,0,87,2,0,0,0,1,0,1,11,409,11,0,87,2,0,0,0,1,0,1,2,103,96,7,7,0,245,0,100,2,8,1,0.0,0,2005-05-26 02:41:09,1117075269,4,7,9,18
4482,16,6,404,4,19,0,350,0.150990099009901,379,6,0,13,3,0,1,0,1,1,0,8,379,6,0,13,3,0,1,0,1,1,0,18,32,23,9,4,0,194,0,100,2,12,1,0.0,0,2005-05-26 02:42:09,1117075329,4,6,5,10
4483,4,15,654,4,13,0,616,0.07033639143730888,630,9,0,12,1,0,2,0,0,0,0,5,630,9,0,12,1,0,2,0,0,0,0,1,36,23,13,1,0,181,0,152,0,4,1,0.0,0,2005-05-26 02:43:09,1117075389,4,6,5,10
4484,12,7,422,5,17,0,358,0.1943127962085308,379,21,0,14,5,1,0,1,0,1,0,8,379,21,0,14,5,1,0,1,0,1,0,1,55,35,20,8,0,185,4,114,0,10,0,0.009478672985781993,1,2005-05-26 02:44:09,1117075449,5,7,17,34
4485,15,10,396,5,18,0,347,0.19696969696969696,366,8,0,14,1,0,4,2,1,0,0,7,366,8,0,14,1,0,4,2,1,0,0,10,38,29,9,1,0,189,11,94,0,6,0,0.027777777777777776,1,2005-05-26 02:45:09,1117075509,5,8,5,10
4486,5,8,404,5,17,0,357,0.17326732673267325,375,10,1,12,2,1,2,1,0,0,0,10,375,10,1,12,2,1,2,1,0,0,0,4,36,22,14,7,0,189,0,114,0,10,2,0.0,0,2005-05-26 02:46:09,1117075569,5,8,7,14
4487,9,16,666,4,18,0,601,0.12462462462462462,627,16,0,4,17,2,0,0,0,0,0,4,627,16,0,4,17,2,0,0,0,0,0,5,59,38,21,1,0,187,2,148,0,6,1,0.003003003003003003,1,2005-05-26 02:47:09,1117075629,4,7,14,28
4488,11,5,370,4,17,0,329,0.12432432432432433,344,10,0,12,4,0,0,0,0,0,0,3,344,10,0,12,4,0,0,0,0,0,0,9,31,25,6,1,0,179,0,84,0,6,0,0.0,0,2005-05-26 02:48:09,1117075689,4,6,13,26
4489,9,13,416,6,18,0,360,0.13221153846153846,378,24,0,11,3,0,0,0,0,0,0,3,378,24,0,11,3,0,0,0,0,0,0,12,43,37,6,1,0,195,2,104,0,8,0,0.004807692307692308,1,2005-05-26 02:49:09,1117075749,6,6,0,0
4490,4,4,352,4,17,0,328,0.08806818181818182,334,11,0,3,3,0,1,0,0,0,0,5,334,11,0,3,3,0,1,0,0,0,0,0,21,15,6,3,0,170,0,88,0,8,1,0.0,0,2005-05-26 02:50:09,1117075809,4,6,2,4
4491,5,8,360,4,18,0,335,0.1111111111111111,342,8,0,7,2,0,0,0,0,0,0,12,342,8,0,7,2,0,0,0,0,0,0,1,22,16,6,2,0,174,0,94,0,4,0,0.0,0,2005-05-26 02:51:09,1117075869,4,6,2,4
4492,26,20,734,5,17,0,650,0.2356948228882834,662,27,1,22,8,5,6,3,0,0,0,10,662,27,1,22,8,5,6,3,0,0,0,0,80,68,12,4,0,206,6,178,0,12,0,0.008174386920980926,1,2005-05-26 02:52:09,1117075929,3,7,20,40
4493,12,5,412,4,19,0,358,0.2621359223300971,377,12,1,9,6,0,3,0,0,1,3,10,377,12,1,9,6,0,3,0,0,1,3,12,41,34,7,1,0,197,7,102,0,8,2,0.016990291262135918,1,2005-05-26 02:53:09,1117075989,4,7,12,24
4494,8,13,390,4,17,0,340,0.2487179487179487,355,11,0,8,10,2,0,0,0,4,0,8,355,11,0,8,10,2,0,0,0,4,0,8,38,31,7,4,0,185,0,98,0,4,0,0.0,0,2005-05-26 02:54:09,1117076049,4,8,4,8
4495,20,5,406,4,18,0,362,0.22167487684729065,371,8,0,10,8,8,0,1,0,0,0,6,371,8,0,10,8,8,0,1,0,0,0,1,42,34,8,1,0,193,0,108,0,4,0,0.0,0,2005-05-26 02:55:09,1117076109,4,7,20,40
4496,1,6,102,4,7,0,67,0.392156862745098,74,21,0,4,2,0,1,0,0,0,0,5,74,21,0,4,2,0,1,0,0,0,0,2,31,26,5,2,0,38,0,46,0,2,0,0.0,0,2005-05-26 02:56:09,1117076169,4,6,2,4
4497,6,8,398,5,17,0,353,0.11557788944723618,369,18,0,8,2,0,0,1,0,0,0,6,369,18,0,8,2,0,0,1,0,0,0,10,32,26,6,3,0,191,0,88,0,10,0,0.0,0,2005-05-26 02:57:09,1117076229,5,5,3,6
4498,7,15,716,4,19,0,667,0.1159217877094972,680,16,0,12,3,0,0,3,0,2,0,8,680,16,0,12,3,0,0,3,0,2,0,3,45,35,10,1,0,185,0,150,0,18,2,0.0,0,2005-05-26 02:58:09,1117076289,4,5,5,10
4499,15,7,436,8,11,0,381,0.15137614678899086,393,27,0,12,3,0,0,1,0,0,0,6,393,27,0,12,3,0,0,1,0,0,0,2,52,42,10,1,0,196,5,126,0,8,0,0.01146788990825688,2,2005-05-26 02:59:09,1117076349,8,8,12,24
4500,21,23,466,6,19,0,390,0.5236051502145923,412,17,0,6,1,0,4,2,12,12,0,8,412,17,0,6,1,0,4,2,12,12,0,11,65,54,11,0,0,212,28,132,0,12,1,0.06008583690987125,1,2005-05-26 03:00:09,1117076409,6,11,2,4
4501,31,15,492,6,17,0,400,0.5386178861788617,414,38,16,15,6,1,0,0,1,1,0,10,414,38,16,15,6,1,0,0,1,1,0,2,85,73,12,5,0,227,8,134,0,18,9,0.016260162601626018,1,2005-05-26 03:01:09,1117076469,6,8,3,6
4502,16,4,404,4,19,0,358,0.2920792079207921,372,18,0,3,3,0,0,0,0,1,0,11,372,18,0,3,3,0,0,0,0,1,0,0,42,31,11,4,0,193,0,94,0,6,1,0.0,0,2005-05-26 03:02:09,1117076529,4,7,13,26
4503,10,33,510,7,17,0,405,0.7313725490196078,421,52,0,7,2,3,1,0,0,1,0,12,421,52,0,7,2,3,1,0,0,1,0,2,99,85,14,4,0,233,2,136,0,6,1,0.0039215686274509795,1,2005-05-26 03:03:09,1117076589,4,7,19,38
4504,29,4,678,4,19,0,601,0.19321533923303835,630,10,0,7,26,2,1,0,0,2,0,8,630,10,0,7,26,2,1,0,0,2,0,18,58,47,11,1,0,216,0,154,0,12,1,0.0,0,2005-05-26 03:04:09,1117076649,4,7,5,10
4505,9,20,668,10,20,0,609,0.3188622754491018,621,14,0,6,2,10,6,0,0,1,1,18,621,14,0,6,2,10,6,0,0,1,1,1,43,32,11,15,0,192,3,156,0,8,0,0.004491017964071856,1,2005-05-26 03:05:09,1117076709,6,8,2,4
4506,9,17,450,3,19,0,394,0.3711111111111111,403,8,0,24,4,0,1,5,0,1,0,17,403,8,0,24,4,0,1,5,0,1,0,1,50,42,8,5,0,196,0,150,0,10,0,0.0,0,2005-05-26 03:06:09,1117076769,3,7,6,12
4507,4,10,360,5,18,0,332,0.15041782729805014,342,8,0,4,0,0,0,3,0,1,0,12,342,8,0,4,0,0,0,3,0,1,0,4,22,16,6,1,1,172,0,96,0,6,0,0.0,0,2005-05-26 03:07:09,1117076829,5,7,13,26
4508,9,5,376,3,17,0,338,0.09308510638297872,355,11,0,6,4,0,0,0,0,0,0,3,355,11,0,6,4,0,0,0,0,0,0,10,25,18,7,3,0,181,0,88,0,6,0,0.0,0,2005-05-26 03:08:09,1117076889,3,7,2,4
4509,6,45,520,4,18,0,407,0.3192771084337349,419,25,0,28,26,0,0,0,0,0,0,3,419,25,0,28,26,0,0,0,0,0,0,2,42,32,10,47,22,244,0,108,0,8,0,0.0,0,2005-05-26 03:09:09,1117076949,4,7,11,22
4510,11,4,552,4,17,0,428,0.2898550724637681,434,83,0,32,1,0,2,0,0,0,0,5,434,83,0,32,1,0,2,0,0,0,0,0,120,114,6,4,0,267,0,84,2,10,2,0.0,0,2005-05-26 03:10:09,1117077009,4,8,7,14
4511,12,14,388,3,29,0,346,0.3737113402061856,354,18,0,7,3,1,0,1,0,0,0,24,354,18,0,7,3,1,0,1,0,0,0,1,33,26,7,8,0,181,0,100,0,4,2,0.0,0,2005-05-26 03:11:09,1117077069,3,7,75,150
4512,9,26,748,4,17,0,526,0.7954545454545454,556,8,0,7,146,21,9,1,0,0,0,6,556,8,0,7,146,21,9,1,0,0,0,14,201,185,16,7,0,362,4,196,0,10,14,0.0053475935828877,1,2005-05-26 03:12:09,1117077129,4,7,5,10
4513,56,35,596,3,19,0,435,0.4117647058823529,458,78,0,34,14,3,5,2,0,1,0,8,458,78,0,34,14,3,5,2,0,1,0,4,150,131,19,6,1,245,2,138,2,6,0,0.003355704697986577,1,2005-05-26 03:13:09,1117077189,3,7,5,10
4514,32,36,1038,5,17,0,822,0.4503375120540019,838,60,0,34,88,14,1,1,0,1,0,8,838,60,0,34,88,14,1,1,0,1,0,5,205,194,11,5,1,342,5,262,4,16,12,0.004816955684007707,1,2005-05-26 03:14:09,1117077249,5,7,18,36
4515,22,10,482,3,19,0,403,0.24066390041493774,419,38,0,13,7,1,2,0,0,1,1,9,419,38,0,13,7,1,2,0,0,1,1,11,66,61,5,2,0,212,0,124,0,8,0,0.0,0,2005-05-26 03:15:09,1117077309,3,11,3,6
4516,17,20,506,4,17,0,403,0.6245059288537549,411,3,1,13,53,14,6,4,0,1,0,10,411,3,1,13,53,14,6,4,0,1,0,2,100,94,6,1,0,244,0,118,0,10,3,0.0,0,2005-05-26 03:16:09,1117077369,4,7,2,4
4517,20,8,370,4,19,0,328,0.24864864864864866,335,10,0,8,12,0,2,2,0,1,0,8,335,10,0,8,12,0,2,2,0,1,0,0,38,31,7,4,0,172,6,84,0,6,0,0.016216216216216217,1,2005-05-26 03:17:09,1117077429,4,6,2,4
4518,14,13,686,6,17,0,637,0.09329446064139943,651,18,0,12,3,0,1,0,0,1,0,8,651,18,0,12,3,0,1,0,0,1,0,2,45,33,12,2,0,185,4,166,0,6,0,0.005830903790087464,1,2005-05-26 03:18:09,1117077489,6,6,16,32
4519,5,7,368,4,19,0,337,0.1032608695652174,354,5,0,3,2,2,1,0,0,1,0,8,354,5,0,3,2,2,1,0,0,1,0,10,20,13,7,1,0,181,1,88,0,4,0,0.002717391304347826,1,2005-05-26 03:19:09,1117077549,4,6,10,20
4520,10,8,390,4,17,0,348,0.15897435897435894,359,16,0,8,4,0,2,0,0,1,0,8,359,16,0,8,4,0,2,0,0,1,0,2,28,19,9,12,0,185,0,108,0,12,2,0.0,0,2005-05-26 03:20:09,1117077609,4,6,9,18
4521,12,11,382,4,19,0,328,0.2774869109947644,345,14,0,9,2,3,0,8,0,1,0,8,345,14,0,9,2,3,0,8,0,1,0,5,36,24,12,13,0,186,2,96,0,8,2,0.005235602094240838,1,2005-05-26 03:21:09,1117077669,4,6,1,2
4522,1,18,406,4,11,0,346,0.2202970297029703,367,12,0,14,4,0,5,2,0,0,0,6,367,12,0,14,4,0,5,2,0,0,0,1,56,36,20,1,2,183,9,98,0,6,2,0.02216748768472906,1,2005-05-26 03:22:09,1117077729,4,7,15,30
4523,29,8,444,8,17,0,389,0.1891891891891892,405,21,0,5,3,9,0,0,0,1,0,8,405,21,0,5,3,9,0,0,0,1,0,11,36,31,5,8,0,211,4,102,0,6,0,0.009009009009009007,1,2005-05-26 03:23:09,1117077789,6,7,5,10
4524,20,19,520,4,19,0,409,0.3,421,78,0,6,6,5,0,2,0,2,0,8,421,78,0,6,6,5,0,2,0,2,0,3,100,91,9,8,0,238,5,146,0,12,0,0.009615384615384616,1,2005-05-26 03:24:09,1117077849,4,7,24,48
4525,4,9,366,5,11,0,342,0.07923497267759562,349,8,0,6,3,0,0,0,0,0,0,3,349,8,0,6,3,0,0,0,0,0,0,1,23,17,6,0,0,172,0,82,0,4,0,0.0,0,2005-05-26 03:25:09,1117077909,5,7,7,14
4526,9,10,384,4,19,0,345,0.1328125,356,13,0,12,2,0,0,0,0,1,0,8,356,13,0,12,2,0,0,0,0,1,0,1,34,24,10,4,0,180,6,100,0,6,0,0.015625,1,2005-05-26 03:26:09,1117077969,4,7,14,28
4527,11,7,428,3,17,0,373,0.14953271028037382,391,22,0,11,1,1,1,0,0,1,0,8,391,22,0,11,1,1,1,0,0,1,0,12,41,35,6,2,0,203,7,114,0,8,0,0.016355140186915886,1,2005-05-26 03:27:09,1117078029,3,7,1,2
4528,28,7,482,4,18,0,393,0.3506224066390041,399,44,0,17,9,1,12,0,0,0,0,5,399,44,0,17,9,1,12,0,0,0,0,0,71,65,6,18,0,233,2,120,0,4,0,0.004149377593360996,1,2005-05-26 03:28:09,1117078089,4,7,8,16
4529,8,30,712,4,17,0,648,0.16432584269662925,663,20,0,14,6,1,1,7,0,0,0,6,663,20,0,14,6,1,1,7,0,0,0,1,60,46,14,3,0,196,0,162,0,6,0,0.0,0,2005-05-26 03:29:09,1117078149,4,9,13,26
4530,8,3,378,4,19,0,345,0.1455026455026455,361,9,0,2,1,0,1,1,0,2,0,12,361,9,0,2,1,0,1,1,0,2,0,10,19,13,6,4,0,183,0,94,0,8,0,0.0,0,2005-05-26 03:30:09,1117078209,4,10,5,10
4531,5,9,366,4,17,0,326,0.2185792349726776,339,9,0,9,4,2,0,0,0,1,0,13,339,9,0,9,4,2,0,0,0,1,0,1,32,20,12,7,0,173,0,104,0,6,0,0.0,0,2005-05-26 03:31:09,1117078269,4,7,13,26
4532,6,5,424,4,19,0,380,0.1179245283018868,401,9,0,8,4,0,1,0,0,1,0,8,401,9,0,8,4,0,1,0,0,1,0,8,32,19,13,4,0,187,3,128,0,8,0,0.007075471698113208,1,2005-05-26 03:32:09,1117078329,4,7,6,12
4533,9,20,682,6,17,0,612,0.16886930983847284,630,12,0,25,11,0,1,0,1,1,0,8,630,12,0,25,11,0,1,0,1,1,0,0,63,45,18,6,1,194,5,148,2,8,3,0.007331378299120234,1,2005-05-26 03:33:09,1117078389,6,6,15,30
4534,3,1,364,4,18,0,336,0.041208791208791215,354,7,0,1,2,0,0,0,0,0,0,3,354,7,0,1,2,0,0,0,0,0,0,12,16,10,6,0,0,177,0,80,0,10,0,0.0,0,2005-05-26 03:34:09,1117078449,4,6,3,6
4535,3,3,348,13,17,0,325,0.06896551724137931,333,8,0,5,2,0,0,0,0,0,0,3,333,8,0,5,2,0,0,0,0,0,0,2,19,13,6,2,0,167,0,88,0,4,0,0.0,0,2005-05-26 03:35:09,1117078509,7,7,3,6
4536,7,9,358,4,11,0,333,0.11731843575418995,337,6,0,10,4,1,0,0,0,0,0,4,337,6,0,10,4,1,0,0,0,0,0,0,18,14,4,7,0,172,0,92,0,2,0,0.0,0,2005-05-26 03:36:09,1117078569,4,7,4,8
4537,7,37,474,4,13,0,383,0.3818565400843882,397,35,0,11,4,23,4,0,0,0,0,5,397,35,0,11,4,23,4,0,0,0,0,4,83,73,10,4,0,202,4,154,2,4,0,0.008438818565400843,1,2005-05-26 03:37:09,1117078629,3,7,13,26
4538,1,2,362,4,17,0,332,0.024861878453038676,356,4,0,1,1,0,0,0,0,0,0,3,356,4,0,1,1,0,0,0,0,0,0,16,14,6,8,0,0,176,1,78,0,8,0,0.0027624309392265192,1,2005-05-26 03:38:09,1117078689,4,5,3,6
4539,5,6,342,4,18,0,323,0.08187134502923976,331,2,0,5,1,2,1,0,0,0,0,5,331,2,0,5,1,2,1,0,0,0,0,2,13,7,6,4,0,166,0,78,0,6,0,0.0,0,2005-05-26 03:39:09,1117078749,4,6,2,4
4540,8,13,442,5,17,0,383,0.2380952380952381,391,26,0,7,5,10,2,0,0,0,0,5,391,26,0,7,5,10,2,0,0,0,0,2,49,43,6,7,1,207,2,98,0,14,8,0.004524886877828055,1,2005-05-26 03:40:09,1117078809,5,7,9,18
4541,10,9,754,5,18,0,683,0.10477453580901856,706,31,0,7,8,0,2,0,0,0,0,5,706,31,0,7,8,0,2,0,0,0,0,13,57,47,10,1,0,214,3,162,0,10,3,0.003978779840848806,1,2005-05-26 03:41:09,1117078869,5,7,16,32
4542,14,6,384,5,17,0,341,0.2010443864229765,352,13,0,2,4,12,0,0,0,0,0,4,352,13,0,2,4,12,0,0,0,0,0,1,39,29,10,2,1,185,2,102,0,8,8,0.005208333333333333,1,2005-05-26 03:42:09,1117078929,5,6,4,8
4543,17,5,162,4,19,0,111,0.4753086419753086,120,22,0,13,5,0,0,1,0,1,0,8,120,22,0,13,5,0,0,1,0,1,0,1,49,41,8,1,0,60,2,70,0,10,12,0.012345679012345678,1,2005-05-26 03:43:09,1117078989,4,6,3,6
4544,17,25,420,4,17,0,363,0.32142857142857145,372,7,0,19,10,10,0,0,0,1,0,12,372,7,0,19,10,10,0,0,0,1,0,1,52,44,8,4,0,202,2,106,0,12,11,0.0047619047619047615,1,2005-05-26 03:44:09,1117079049,4,7,20,40
4545,12,6,384,5,19,0,340,0.18489583333333331,357,8,0,7,4,6,1,0,0,1,0,8,357,8,0,7,4,6,1,0,0,1,0,13,31,27,4,0,0,185,2,106,0,6,0,0.005208333333333333,1,2005-05-26 03:45:09,1117079109,5,8,23,46
4546,2,2,350,5,11,0,327,0.03714285714285714,342,5,0,1,2,0,0,0,0,0,0,3,342,5,0,1,2,0,0,0,0,0,0,8,15,8,7,0,0,164,0,76,0,10,1,0.0,0,2005-05-26 03:46:09,1117079169,5,5,3,6
4547,6,4,344,4,17,0,318,0.10465116279069768,329,6,0,5,2,0,0,1,0,1,0,8,329,6,0,5,2,0,0,1,0,1,0,2,22,13,9,2,0,167,0,82,0,6,3,0.0,0,2005-05-26 03:47:09,1117079229,4,7,2,4
4548,4,8,670,4,11,0,638,0.061194029850746276,651,8,0,5,3,1,2,0,0,0,0,5,651,8,0,5,3,1,2,0,0,0,0,2,27,16,11,3,0,170,0,156,0,8,0,0.0,0,2005-05-26 03:48:09,1117079289,4,6,16,32
4549,2,4,362,4,17,0,330,0.06629834254143646,349,7,0,1,5,0,0,0,0,0,0,3,349,7,0,1,5,0,0,0,0,0,0,13,18,12,6,1,0,177,0,82,0,6,1,0.0,0,2005-05-26 03:49:09,1117079349,4,5,3,6
4550,12,4,356,4,19,0,331,0.09269662921348316,338,12,0,2,3,0,0,0,0,1,0,8,338,12,0,2,3,0,0,0,0,1,0,1,22,16,6,2,0,172,11,84,0,6,0,0.03089887640449438,1,2005-05-26 03:50:09,1117079409,4,6,4,8
4551,31,9,412,5,17,0,362,0.2087378640776699,370,11,0,24,5,1,0,0,0,1,0,8,370,11,0,24,5,1,0,0,0,1,0,2,44,38,6,4,0,193,25,86,0,10,3,0.06067961165048544,3,2005-05-26 03:51:09,1117079469,5,7,7,14
4552,24,2,648,5,18,0,602,0.07253086419753088,616,20,0,11,0,0,1,0,0,0,0,5,616,20,0,11,0,0,1,0,0,0,0,6,40,32,8,0,0,190,0,136,2,6,0,0.0,0,2005-05-26 03:52:09,1117079529,5,8,26,52
4553,13,4,372,4,17,0,333,0.1478494623655914,351,6,0,4,3,8,0,0,0,0,0,4,351,6,0,4,3,8,0,0,0,0,0,12,24,18,6,3,0,177,4,96,0,4,1,0.010752688172043013,2,2005-05-26 03:53:09,1117079589,4,7,19,38
4554,5,23,398,5,19,0,350,0.21608040201005024,366,8,0,7,8,8,0,0,0,1,0,8,366,8,0,7,8,8,0,0,0,1,0,8,28,20,8,12,0,181,0,90,0,10,0,0.0,0,2005-05-26 03:54:09,1117079649,5,6,3,6
4555,33,13,410,6,17,0,350,0.2585365853658537,358,23,0,14,11,1,2,0,0,1,0,8,358,23,0,14,11,1,2,0,0,1,0,1,57,50,7,2,0,193,4,116,0,6,0,0.00975609756097561,1,2005-05-26 03:55:09,1117079709,5,9,33,66
4556,10,6,432,6,11,0,372,0.17824074074074073,390,11,0,29,1,0,1,0,0,0,0,5,390,11,0,29,1,0,1,0,0,0,0,9,49,40,9,2,0,199,0,108,0,8,0,0.0,0,2005-05-26 03:56:09,1117079769,5,7,2,4
4557,10,16,544,6,18,0,442,0.2481617647058824,462,38,0,35,9,0,0,0,0,0,0,3,462,38,0,35,9,0,0,0,0,0,0,13,72,65,7,17,0,233,4,146,0,14,13,0.007352941176470587,1,2005-05-26 03:57:09,1117079829,5,7,10,20
4558,6,10,402,6,19,0,356,0.19154228855721392,363,25,0,8,2,1,0,0,1,1,0,11,363,25,0,8,2,1,0,0,1,1,0,1,42,36,6,3,0,194,2,112,0,6,0,0.0049751243781094535,1,2005-05-26 03:58:09,1117079889,6,6,4,8
4559,29,9,394,5,17,0,340,0.3730964467005076,349,14,0,8,3,0,14,5,0,1,0,8,349,14,0,8,3,0,14,5,0,1,0,2,50,43,7,2,0,190,2,98,0,4,1,0.005076142131979695,1,2005-05-26 03:59:09,1117079949,5,6,31,62
4560,8,22,438,4,19,0,364,0.3082191780821918,391,13,0,13,9,2,4,2,3,1,0,8,391,13,0,13,9,2,4,2,3,1,0,22,26,21,5,26,0,203,1,112,0,10,0,0.00228310502283105,1,2005-05-26 04:00:09,1117080009,4,7,2,4
4561,10,80,710,4,17,0,509,0.5197183098591549,523,96,1,23,57,7,2,0,0,1,0,10,523,96,1,23,57,7,2,0,0,1,0,1,198,185,13,2,0,289,6,136,2,6,2,0.008450704225352112,1,2005-05-26 04:01:09,1117080069,4,7,6,12
4562,29,15,422,4,19,0,364,0.2606635071090048,371,24,0,15,3,7,0,0,0,1,0,11,371,24,0,15,3,7,0,0,0,1,0,1,57,51,6,0,0,200,4,108,0,10,1,0.009478672985781993,1,2005-05-26 04:02:09,1117080129,4,7,1,2
4563,36,21,446,4,14,0,376,0.3991031390134529,382,7,0,41,0,12,0,0,0,1,1,12,382,7,0,41,0,12,0,0,0,1,1,2,68,64,4,0,0,202,4,108,0,6,1,0.008968609865470852,1,2005-05-26 04:03:09,1117080189,4,7,20,40
4564,33,5,734,4,19,0,665,0.18256130790190736,689,12,1,3,18,9,0,0,0,2,0,10,689,12,1,3,18,9,0,0,0,2,0,10,58,44,14,1,0,210,2,158,0,8,1,0.0027247956403269754,1,2005-05-26 04:04:09,1117080249,4,6,5,10
4565,22,19,422,5,17,0,357,0.2938388625592417,372,11,0,26,2,9,0,0,0,1,0,11,372,11,0,26,2,9,0,0,0,1,0,2,58,45,13,5,0,206,4,116,0,12,3,0.009478672985781993,1,2005-05-26 04:05:09,1117080309,5,6,4,8
4566,9,4,372,6,19,0,342,0.1021505376344086,355,5,0,8,3,0,0,0,0,1,0,8,355,5,0,8,3,0,0,0,0,1,0,1,28,16,12,1,0,172,0,104,4,8,0,0.0,0,2005-05-26 04:06:09,1117080369,6,6,18,36
4567,30,6,418,8,13,0,359,0.3444976076555024,377,6,3,10,10,9,0,0,2,1,0,10,377,6,3,10,10,9,0,0,2,1,0,11,46,39,7,2,0,203,0,110,0,6,0,0.0,0,2005-05-26 04:07:09,1117080429,6,6,15,30
4568,16,26,608,5,17,0,464,0.3881578947368421,478,93,0,18,2,7,3,1,0,2,4,9,478,93,0,18,2,7,3,1,0,2,4,5,137,128,9,2,0,247,0,158,0,8,1,0.0,0,2005-05-26 04:08:09,1117080489,5,6,1,2
4569,23,4,394,5,19,0,352,0.2918781725888325,358,10,0,14,3,0,0,2,0,7,0,8,358,10,0,14,3,0,0,2,0,7,0,1,41,36,5,0,0,184,2,96,0,10,0,0.005025125628140704,1,2005-05-26 04:09:09,1117080549,4,6,8,16
4570,5,13,378,8,17,0,337,0.246031746031746,349,11,0,9,0,2,0,0,0,7,0,8,349,11,0,9,0,2,0,0,0,7,0,2,38,28,10,1,0,181,0,92,0,6,4,0.0,0,2005-05-26 04:10:09,1117080609,5,7,17,34
4571,14,32,510,4,14,0,414,0.5294117647058824,433,21,0,19,5,22,0,0,2,0,0,12,433,21,0,19,5,22,0,0,2,0,0,11,55,47,8,30,0,239,6,130,0,6,0,0.011764705882352941,1,2005-05-26 04:11:09,1117080669,4,7,1,2
4572,5,14,688,5,18,0,632,0.19912790697674415,646,19,0,11,3,0,3,0,0,0,0,12,646,19,0,11,3,0,3,0,0,0,0,2,52,40,12,2,0,195,4,154,0,4,0,0.005813953488372093,1,2005-05-26 04:12:09,1117080729,5,7,10,20
4573,37,13,480,6,19,0,397,0.5041666666666667,409,22,0,8,11,11,12,0,1,2,0,11,409,22,0,8,11,11,12,0,1,2,0,2,75,65,10,6,0,209,2,136,0,14,8,0.0041666666666666675,1,2005-05-26 04:13:09,1117080789,5,6,9,18
4574,4,13,372,5,17,0,332,0.1774193548387097,341,14,0,8,7,0,0,0,1,1,0,8,341,14,0,8,7,0,0,0,1,1,0,3,35,29,6,2,0,181,0,96,0,6,0,0.0,0,2005-05-26 04:14:09,1117080849,5,7,13,26
4575,3,4,656,5,11,0,623,0.03048780487804878,644,7,0,3,1,1,0,0,0,0,0,4,644,7,0,3,1,1,0,0,0,0,0,11,21,11,10,1,0,178,0,142,0,6,1,0.0,0,2005-05-26 04:15:09,1117080909,5,5,3,6
4576,11,8,688,4,12,0,486,0.3226744186046512,502,170,0,4,7,3,1,1,0,0,0,6,502,170,0,4,7,3,1,1,0,0,0,1,199,184,15,2,0,292,15,114,0,6,0,0.02180232558139535,1,2005-05-26 04:16:09,1117080969,4,5,7,14
4577,6,3,504,5,17,0,397,0.19246031746031747,414,84,0,5,1,0,0,0,0,0,0,3,414,84,0,5,1,0,0,0,0,0,0,2,103,89,14,2,0,248,2,98,0,4,0,0.003968253968253968,1,2005-05-26 04:17:09,1117081029,4,5,1,2
4578,45,174,1342,5,16,0,810,1.3114754098360657,832,26,0,289,17,122,3,12,1,1,0,16,832,26,0,289,17,122,3,12,1,1,0,1,530,509,21,1,0,650,131,314,0,12,27,0.09761549925484353,2,2005-05-26 04:18:09,1117081089,5,7,15,30
4579,416,23,1332,7,18,0,812,1.5421052631578946,847,43,0,29,1,355,7,18,2,1,0,16,847,43,0,29,1,355,7,18,2,1,0,13,504,482,22,1,2,648,55,290,2,16,25,0.04129129129129129,1,2005-05-26 04:19:09,1117081149,4,7,4,8
4580,56,17,522,7,18,0,425,0.7547892720306514,434,21,0,10,6,27,8,3,0,0,0,13,434,21,0,10,6,27,8,3,0,0,0,3,86,80,6,8,0,242,10,134,0,12,7,0.019157088122605363,1,2005-05-26 04:20:09,1117081209,4,6,4,8
4581,12,11,712,4,17,0,663,0.09831460674157304,680,12,0,13,1,2,3,1,0,0,0,6,680,12,0,13,1,2,3,1,0,0,0,4,40,27,13,5,0,190,7,164,0,10,0,0.009831460674157305,2,2005-05-26 04:21:09,1117081269,4,8,22,44
4582,5,9,390,6,19,0,347,0.14102564102564102,365,10,0,8,4,1,1,0,0,1,0,8,365,10,0,8,4,1,1,0,0,1,0,12,28,22,6,3,0,188,2,96,0,6,0,0.005128205128205128,1,2005-05-26 04:22:09,1117081329,5,8,4,8
4583,10,4,344,4,17,0,308,0.1511627906976744,320,14,0,6,2,0,0,0,0,1,0,12,320,14,0,6,2,0,0,0,0,1,0,4,29,21,8,3,0,161,0,86,0,10,0,0.0,0,2005-05-26 04:23:09,1117081389,4,7,8,16
4584,14,10,396,5,11,0,358,0.21464646464646464,363,15,0,8,4,1,1,0,0,3,1,9,363,15,0,8,4,1,1,0,0,3,1,1,33,29,4,4,0,188,0,110,0,6,0,0.0,0,2005-05-26 04:24:09,1117081449,5,6,3,6
4585,9,9,404,4,17,0,361,0.2277227722772277,370,13,1,13,2,1,0,0,0,3,1,10,370,13,1,13,2,1,0,0,0,3,1,3,38,32,6,2,0,191,0,110,0,8,0,0.0,0,2005-05-26 04:25:09,1117081509,4,7,12,24
4586,6,12,414,4,19,0,365,0.16666666666666666,382,13,0,13,0,4,0,1,0,1,0,8,382,13,0,13,0,4,0,1,0,1,0,10,36,29,7,3,0,198,0,98,0,4,0,0.0,0,2005-05-26 04:26:09,1117081569,4,6,7,14
4587,9,8,762,4,17,0,685,0.11811023622047245,701,46,0,10,2,0,2,0,0,1,0,8,701,46,0,10,2,0,2,0,0,1,0,3,66,53,13,8,0,211,0,172,0,10,0,0.0,0,2005-05-26 04:27:09,1117081629,4,7,4,8
4588,17,19,550,5,19,0,460,0.2709090909090909,468,42,0,21,17,0,0,1,0,1,0,8,468,42,0,21,17,0,0,1,0,1,0,1,76,69,7,13,0,230,0,134,0,10,23,0.0,0,2005-05-26 04:28:09,1117081689,4,7,3,6
4589,5,31,420,6,17,0,372,0.2404761904761905,377,6,0,21,15,0,0,0,0,1,0,8,377,6,0,21,15,0,0,0,0,1,0,1,46,42,4,1,0,202,4,94,0,10,11,0.009523809523809523,1,2005-05-26 04:29:09,1117081749,5,6,24,48
4590,17,13,424,4,19,0,367,0.2594339622641509,388,4,0,11,11,6,2,0,0,1,1,9,388,4,0,11,11,6,2,0,0,1,1,15,37,31,6,5,0,198,7,116,0,6,0,0.01650943396226415,1,2005-05-26 04:30:09,1117081809,4,10,1,2
4591,4,8,360,10,11,0,332,0.1111111111111111,341,8,0,4,6,0,0,1,0,0,0,6,341,8,0,4,6,0,0,1,0,0,0,2,25,18,7,1,0,172,0,94,2,4,0,0.0,0,2005-05-26 04:31:09,1117081869,7,7,4,8
4592,13,8,394,13,17,0,352,0.17223650385604114,360,13,0,8,3,1,1,2,0,1,0,8,360,13,0,8,3,1,1,2,0,1,0,2,34,28,6,1,5,182,4,108,2,4,1,0.01015228426395939,1,2005-05-26 04:32:09,1117081929,7,7,1,2
4593,7,6,672,3,19,0,619,0.12351190476190475,638,15,0,12,2,0,0,2,0,1,2,9,638,15,0,12,2,0,0,2,0,1,2,1,50,32,18,2,0,178,4,152,0,4,5,0.005952380952380952,1,2005-05-26 04:33:09,1117081989,3,10,20,40
4594,6,6,406,4,17,0,361,0.10098522167487683,385,14,0,1,3,2,0,0,0,1,0,8,385,14,0,1,3,2,0,0,0,1,0,17,24,17,7,4,0,184,2,96,0,8,0,0.0049261083743842365,1,2005-05-26 04:34:09,1117082049,4,6,5,10
4595,11,8,384,4,18,0,350,0.1328125,357,17,0,2,3,4,1,0,0,0,0,5,357,17,0,2,3,4,1,0,0,0,0,1,30,24,6,3,0,177,0,100,0,10,4,0.0,0,2005-05-26 04:35:09,1117082109,4,6,9,18
4596,8,16,420,5,17,0,371,0.19523809523809524,383,11,0,13,8,4,1,0,0,0,0,5,383,11,0,13,8,4,1,0,0,0,0,3,35,26,9,11,0,184,0,116,2,8,10,0.0,0,2005-05-26 04:36:09,1117082169,5,5,19,38
4597,11,9,696,4,18,0,644,0.07758620689655173,672,7,0,11,4,1,0,0,0,0,1,9,672,7,0,11,4,1,0,0,0,0,1,10,40,22,18,2,0,189,6,156,0,8,0,0.008620689655172414,1,2005-05-26 04:37:09,1117082229,4,7,0,0
4598,12,4,372,5,17,0,333,0.1586021505376344,345,11,1,9,4,2,0,0,0,0,0,10,345,11,1,9,4,2,0,0,0,0,0,0,38,26,12,1,0,180,2,96,2,6,5,0.005376344086021507,1,2005-05-26 04:38:09,1117082289,4,11,7,14
4599,18,13,424,5,18,0,364,0.3632075471698113,375,13,0,17,9,4,0,1,0,0,0,14,375,13,0,17,9,4,0,1,0,0,0,0,59,48,11,1,0,202,12,116,0,8,0,0.02830188679245283,1,2005-05-26 04:39:09,1117082349,5,8,18,36
4600,11,17,420,5,17,0,365,0.18571428571428567,382,6,0,28,2,1,0,1,0,0,0,6,382,6,0,28,2,1,0,1,0,0,0,10,41,34,7,4,0,196,6,106,0,10,0,0.014285714285714284,2,2005-05-26 04:40:09,1117082409,5,7,21,42
4601,2,7,374,4,11,0,338,0.0855614973262032,359,5,0,6,2,1,1,0,0,0,0,5,359,5,0,6,2,1,1,0,0,0,0,10,26,15,11,0,0,181,16,96,0,6,0,0.0427807486631016,2,2005-05-26 04:41:09,1117082469,4,7,3,6
4602,5,2,672,5,18,0,630,0.04776119402985075,649,16,0,2,2,0,0,1,0,0,0,6,649,16,0,2,2,0,0,1,0,0,0,7,26,14,12,7,2,180,8,146,0,12,0,0.011904761904761904,1,2005-05-26 04:42:09,1117082529,5,8,6,12
4603,17,16,436,5,18,0,374,0.18577981651376144,385,32,0,14,3,0,1,0,1,0,0,7,385,32,0,14,3,0,1,0,1,0,0,3,58,50,8,1,0,197,3,114,0,8,0,0.006880733944954129,1,2005-05-26 04:43:09,1117082589,5,7,20,40
4604,16,7,442,3,11,0,374,0.16289592760180996,389,43,0,8,0,0,0,1,1,0,0,7,389,43,0,8,0,0,0,1,1,0,0,9,59,53,6,0,0,210,0,110,0,4,0,0.0,0,2005-05-26 04:44:09,1117082649,3,7,6,12
4605,42,6,442,4,19,0,371,0.3552036199095023,388,23,2,5,2,19,0,1,0,2,0,10,388,23,2,5,2,19,0,1,0,2,0,11,56,50,6,4,0,203,0,112,0,8,0,0.0,0,2005-05-26 04:45:09,1117082709,4,7,18,36
4606,8,22,122,4,19,0,79,1.1147540983606556,84,9,0,4,5,7,8,1,2,2,0,8,84,9,0,4,5,7,8,1,2,2,0,3,32,30,2,8,0,54,0,66,0,6,5,0.0,0,2005-05-26 04:46:09,1117082769,4,9,9,18
4607,12,9,384,5,17,0,341,0.15885416666666666,355,12,0,12,2,1,0,0,1,1,0,8,355,12,0,12,2,1,0,0,1,1,0,8,33,27,6,2,0,187,1,100,2,8,5,0.0026041666666666665,1,2005-05-26 04:47:09,1117082829,4,7,19,38
4608,10,6,402,4,19,0,349,0.1417910447761194,375,7,0,16,2,1,0,0,0,1,0,8,375,7,0,16,2,1,0,0,0,1,0,17,33,24,9,3,0,198,0,98,0,8,5,0.0,0,2005-05-26 04:48:09,1117082889,4,6,6,12
4609,8,35,816,5,17,0,734,0.2598039215686275,749,25,0,6,5,5,23,1,0,1,0,11,749,25,0,6,5,5,23,1,0,1,0,1,72,58,14,9,0,219,5,188,0,12,1,0.006127450980392157,1,2005-05-26 04:49:09,1117082949,5,7,11,22
4610,23,18,380,6,18,0,193,0.75,205,130,0,18,2,12,13,0,0,0,0,5,205,130,0,18,2,12,13,0,0,0,0,4,166,158,8,17,0,170,0,108,0,8,0,0.0,0,2005-05-26 04:50:09,1117083009,5,8,5,10
4611,13,28,488,4,17,0,404,0.3094262295081967,410,30,0,37,6,0,3,0,2,0,0,7,410,30,0,37,6,0,3,0,2,0,0,0,81,75,6,3,0,224,3,136,0,12,1,0.006147540983606557,1,2005-05-26 04:51:09,1117083069,4,9,15,30
4612,11,7,384,5,19,0,338,0.15885416666666666,357,10,0,8,6,1,1,0,0,1,0,8,357,10,0,8,6,1,1,0,0,1,0,13,29,23,6,4,0,185,0,92,0,10,2,0.0,0,2005-05-26 04:52:09,1117083129,5,5,2,4
4613,16,4,384,9,17,0,351,0.2265625,359,6,0,3,4,0,11,0,0,1,0,8,359,6,0,3,4,0,11,0,0,1,0,2,30,24,6,1,0,178,0,86,0,12,1,0.0,0,2005-05-26 04:53:09,1117083189,4,5,2,4
4614,4,13,386,7,19,0,341,0.2305699481865285,350,19,0,4,7,2,0,2,0,1,0,13,350,19,0,4,7,2,0,2,0,1,0,1,35,27,8,9,0,185,0,108,0,6,0,0.0,0,2005-05-26 04:54:09,1117083249,5,6,4,8
4615,8,5,474,4,17,0,444,0.1350210970464135,456,6,0,3,3,2,1,1,0,0,0,12,456,6,0,3,3,2,1,1,0,0,0,2,28,18,10,0,0,168,1,136,0,4,0,0.002109704641350211,1,2005-05-26 04:55:09,1117083309,4,5,23,46
4616,8,30,510,4,17,0,433,0.25736738703339884,458,7,0,33,7,0,1,0,0,1,0,12,458,7,0,33,7,0,1,0,0,1,0,19,55,49,6,2,1,215,1,132,0,12,2,0.0019607843137254897,1,2005-05-26 04:56:09,1117083369,4,6,2,4
4617,19,19,474,4,19,0,413,0.3248945147679325,422,18,0,16,7,2,0,4,1,2,0,15,422,18,0,16,7,2,0,4,1,2,0,2,52,45,7,7,0,197,3,154,2,12,11,0.006329113924050633,1,2005-05-26 04:57:09,1117083429,4,8,3,6
4618,10,7,376,3,19,0,343,0.10666666666666667,352,15,0,6,0,0,1,0,0,1,0,8,352,15,0,6,0,0,1,0,0,1,0,2,30,23,7,0,1,182,0,102,0,10,1,0.0,0,2005-05-26 04:58:09,1117083489,3,7,19,38
4619,3,7,374,4,11,0,338,0.08823529411764706,357,5,0,8,4,0,0,0,0,0,0,3,357,5,0,8,4,0,0,0,0,0,0,12,23,16,7,1,0,183,0,98,0,2,1,0.0,0,2005-05-26 04:59:09,1117083549,4,7,2,4
4620,6,4,354,4,17,0,328,0.12429378531073447,336,9,0,1,5,1,0,1,0,1,0,8,336,9,0,1,5,1,0,1,0,1,0,1,22,15,7,3,0,171,2,92,0,4,0,0.005649717514124294,1,2005-05-26 05:00:09,1117083609,4,5,2,4
4621,18,4,394,4,18,0,358,0.18781725888324874,368,7,0,8,2,3,3,3,0,0,0,6,368,7,0,8,2,3,3,3,0,0,0,1,34,25,9,1,0,186,3,104,0,10,4,0.007614213197969543,1,2005-05-26 05:01:09,1117083669,4,7,13,26
4622,19,31,772,4,17,0,687,0.21148825065274152,701,18,0,28,6,7,0,3,0,3,0,8,701,18,0,28,6,7,0,3,0,3,0,1,73,60,13,5,6,215,2,190,0,12,3,0.0025906735751295338,1,2005-05-26 05:02:09,1117083729,4,6,17,34
4623,17,6,402,4,18,0,362,0.20895522388059698,378,5,2,9,1,4,1,0,0,1,1,10,378,5,2,9,1,4,1,0,0,1,1,12,25,21,4,3,0,189,6,102,0,8,0,0.01492537313432836,1,2005-05-26 05:03:09,1117083789,4,8,1,2
4624,12,15,400,5,17,0,346,0.275,362,9,0,11,9,4,2,0,0,1,2,9,362,9,0,11,9,4,2,0,0,1,2,1,51,36,15,2,0,192,8,110,0,6,0,0.02,1,2005-05-26 05:04:09,1117083849,5,6,5,10
4625,12,7,402,13,18,0,360,0.15671641791044774,375,11,0,8,1,5,0,1,1,0,0,7,375,11,0,8,1,5,0,1,1,0,0,1,38,24,14,3,0,190,11,110,0,8,0,0.02736318407960199,1,2005-05-26 05:05:09,1117083909,7,7,4,8
4626,11,16,518,5,17,0,474,0.16988416988416988,484,11,0,10,3,8,0,0,0,2,0,8,484,11,0,10,3,8,0,0,0,2,0,0,39,29,10,5,0,218,0,112,0,4,0,0.0,0,2005-05-26 05:06:09,1117083969,5,8,13,26
4627,27,39,524,10,18,0,415,0.7246653919694073,437,26,0,24,0,2,0,3,0,0,31,9,437,26,0,24,0,2,0,3,0,0,31,12,94,84,10,2,1,247,0,122,0,6,0,0.0,0,2005-05-26 05:07:09,1117084029,9,9,8,16
4628,29,48,526,5,18,0,418,1.106666666666667,429,30,24,10,5,3,0,0,0,0,0,11,429,30,24,10,5,3,0,0,0,0,0,1,99,89,10,7,1,225,0,110,0,6,0,0.0,0,2005-05-26 05:08:09,1117084089,5,7,12,24
4629,5,2,430,4,17,0,370,0.1186046511627907,388,36,0,3,3,0,0,0,0,0,0,3,388,36,0,3,3,0,0,0,0,0,0,2,57,41,16,1,0,202,0,108,0,2,0,0.0,0,2005-05-26 05:09:09,1117084149,4,5,18,36
4630,19,22,790,5,19,0,694,0.14303797468354432,739,16,0,27,2,2,0,1,1,2,0,8,739,16,0,27,2,2,0,1,1,2,0,20,64,39,25,12,0,217,0,190,0,12,0,0.0,0,2005-05-26 05:10:09,1117084209,5,6,18,36
4631,19,5,434,6,18,0,361,0.2511520737327189,382,25,0,14,6,2,2,2,0,1,0,8,382,25,0,14,6,2,2,2,0,1,0,10,52,41,11,11,0,201,0,140,0,4,0,0.0,0,2005-05-26 05:11:09,1117084269,5,7,11,22
4632,4,15,334,4,12,0,292,0.23652694610778446,310,3,0,10,4,3,2,0,0,0,1,13,310,3,0,10,4,3,2,0,0,0,1,1,33,16,17,8,0,153,0,78,0,8,9,0.0,0,2005-05-26 05:12:09,1117084329,4,6,6,12
4633,19,10,398,5,19,0,356,0.19095477386934676,362,12,0,19,2,1,0,0,0,2,0,8,362,12,0,19,2,1,0,0,0,2,0,1,37,32,5,4,0,188,0,96,0,8,2,0.0,0,2005-05-26 05:13:09,1117084389,5,7,26,52
4634,27,14,452,4,13,0,377,0.2035398230088496,391,36,0,19,6,0,0,0,0,0,0,3,391,36,0,19,6,0,0,0,0,0,0,7,59,52,7,9,0,204,0,120,2,10,7,0.0,0,2005-05-26 05:14:09,1117084449,4,7,8,16
4635,20,19,732,17,20,0,648,0.25,672,31,8,11,5,0,0,0,5,0,0,10,672,31,8,11,5,0,0,0,5,0,0,14,70,60,10,0,0,210,0,168,0,6,5,0.0,0,2005-05-26 05:15:09,1117084509,5,8,18,36
4636,12,13,418,9,11,0,371,0.18421052631578946,380,11,0,21,3,0,3,0,0,0,0,5,380,11,0,21,3,0,3,0,0,0,0,1,43,35,8,3,0,182,6,120,0,12,1,0.014354066985645932,1,2005-05-26 05:16:09,1117084569,5,7,12,24
4637,3,9,360,15,17,0,331,0.09444444444444444,341,11,0,5,1,1,0,1,0,0,0,6,341,11,0,5,1,1,0,1,0,0,0,4,22,16,6,3,0,175,4,92,0,6,1,0.011111111111111113,1,2005-05-26 05:17:09,1117084629,5,8,15,30
4638,5,5,680,4,18,0,637,0.05147058823529412,657,15,0,5,2,1,0,0,0,0,0,4,657,15,0,5,2,1,0,0,0,0,0,10,28,18,10,5,0,185,4,136,0,10,4,0.005882352941176471,1,2005-05-26 05:18:09,1117084689,4,6,2,4
4639,8,10,658,5,17,0,618,0.07598784194528875,632,11,0,10,1,4,0,0,0,0,0,4,632,11,0,10,1,4,0,0,0,0,0,1,36,23,13,3,0,173,0,162,0,6,0,0.0,0,2005-05-26 05:19:09,1117084749,5,6,13,26
4640,22,4,414,9,19,0,362,0.15942028985507245,377,17,0,18,0,0,1,0,0,1,0,8,377,17,0,18,0,0,1,0,0,1,0,8,43,36,7,1,0,191,0,110,0,10,0,0.0,0,2005-05-26 05:20:09,1117084809,5,6,3,6
4641,12,18,768,4,12,0,663,0.11488250652741515,718,19,0,19,9,1,0,0,0,0,0,4,718,19,0,19,9,1,0,0,0,0,0,1,97,43,54,5,2,365,95,224,0,8,0,0.12369791666666667,1,2005-05-26 05:21:09,1117084869,4,6,20,40
4642,7,24,454,7,17,0,383,0.2577092511013216,413,12,0,10,7,1,9,0,1,1,0,8,413,12,0,10,7,1,9,0,1,1,0,13,57,40,17,1,0,210,0,122,0,10,0,0.0,0,2005-05-26 05:22:09,1117084929,7,7,7,14
4643,20,19,1074,6,19,0,975,0.1154562383612663,1019,21,0,18,7,6,0,1,0,2,0,8,1019,21,0,18,7,6,0,1,0,2,0,0,93,49,44,6,0,359,54,276,0,14,0,0.05027932960893855,1,2005-05-26 05:23:09,1117084989,6,8,4,8
4644,12,14,392,4,11,0,348,0.17091836734693874,358,13,0,14,4,1,2,0,0,0,0,5,358,13,0,14,4,1,2,0,0,0,0,1,42,33,9,1,0,193,0,104,0,4,2,0.0,0,2005-05-26 05:24:09,1117085049,4,7,27,54
4645,30,8,424,4,18,0,364,0.15330188679245282,382,31,0,6,2,0,2,1,0,0,0,6,382,31,0,6,2,0,2,1,0,0,0,10,47,39,8,3,0,204,0,102,0,8,0,0.0,0,2005-05-26 05:25:09,1117085109,4,6,18,36
4646,8,15,378,4,17,0,341,0.1746031746031746,351,13,0,9,2,1,0,0,0,0,0,13,351,13,0,9,2,1,0,0,0,0,0,1,35,26,9,1,0,181,0,100,0,8,0,0.0,0,2005-05-26 05:26:09,1117085169,4,6,3,6
4647,2,4,364,16,18,0,328,0.06593406593406594,351,5,0,5,3,0,0,0,0,0,0,3,351,5,0,5,3,0,0,0,0,0,0,13,20,10,10,3,0,174,0,96,0,6,0,0.0,0,2005-05-26 05:27:09,1117085229,6,6,10,20
4648,39,33,898,8,19,0,752,0.3463251670378619,785,21,0,43,22,1,25,0,0,0,1,9,785,21,0,43,22,1,25,0,0,0,1,9,110,86,24,27,0,233,14,188,8,10,46,0.0155902004454343,1,2005-05-26 05:28:09,1117085289,6,7,22,44
4649,22,4,472,7,18,0,396,0.17584745762711865,421,35,0,8,1,6,1,0,0,0,0,5,421,35,0,8,1,6,1,0,0,0,0,11,63,49,14,2,0,213,12,124,2,6,14,0.025423728813559324,1,2005-05-26 05:29:09,1117085349,7,7,14,28
4650,4,7,384,3,17,0,348,0.140625,356,10,0,12,5,0,1,0,0,0,0,5,356,10,0,12,5,0,1,0,0,0,0,1,29,22,7,6,0,187,2,104,0,4,0,0.005208333333333333,1,2005-05-26 05:30:09,1117085409,3,8,19,38
4651,6,9,200,4,19,0,145,0.355,163,24,0,4,2,5,1,0,0,1,0,8,163,24,0,4,2,5,1,0,0,1,0,3,43,28,15,9,0,87,0,98,0,10,4,0.0,0,2005-05-26 05:31:09,1117085469,4,6,7,14
4652,5,6,388,4,17,0,343,0.15463917525773194,357,21,0,4,2,1,0,1,1,1,0,8,357,21,0,4,2,1,0,1,1,1,0,2,40,28,12,3,0,184,0,106,0,6,1,0.0,0,2005-05-26 05:32:09,1117085529,4,6,13,26
4653,10,20,464,6,11,0,378,0.2543103448275862,403,26,0,20,9,5,1,0,0,0,0,5,403,26,0,20,9,5,1,0,0,0,0,11,56,42,14,19,0,208,4,100,2,8,39,0.008620689655172414,2,2005-05-26 05:33:09,1117085589,4,6,3,6
4654,26,20,740,4,19,0,660,0.2108108108108108,675,19,0,29,5,2,8,0,0,2,0,8,675,19,0,29,5,2,8,0,0,2,0,5,66,56,10,9,0,201,0,178,2,14,18,0.0,0,2005-05-26 05:34:09,1117085649,4,6,18,36
4655,15,3,370,5,19,0,337,0.14324324324324325,343,14,0,8,1,3,0,0,0,1,0,8,343,14,0,8,1,3,0,0,0,1,0,0,28,22,6,5,0,177,2,92,0,12,7,0.005405405405405407,1,2005-05-26 05:35:09,1117085709,5,6,10,20
4656,11,29,412,7,17,0,354,0.22572815533980586,363,29,0,9,5,3,1,1,0,1,0,8,363,29,0,9,5,3,1,1,0,1,0,1,41,33,8,16,0,197,6,116,0,6,0,0.014563106796116504,2,2005-05-26 05:36:09,1117085769,5,7,17,34
4657,31,5,468,4,19,0,403,0.5534188034188035,421,12,0,9,0,0,1,0,0,1,24,9,421,12,0,9,0,0,1,0,0,1,24,10,55,47,8,0,0,217,4,114,0,8,0,0.008547008547008548,2,2005-05-26 05:37:09,1117085829,4,8,5,10
4658,6,12,392,4,17,0,347,0.14285714285714285,367,9,0,7,7,1,0,0,0,1,0,8,367,9,0,7,7,1,0,0,0,1,0,8,35,23,12,2,0,187,13,102,0,8,0,0.03316326530612245,1,2005-05-26 05:38:09,1117085889,4,5,6,12
4659,6,7,382,10,11,0,345,0.1256544502617801,357,12,0,8,2,1,2,0,0,0,0,5,357,12,0,8,2,1,2,0,0,0,0,2,30,20,10,5,0,180,0,104,0,4,0,0.0,0,2005-05-26 05:39:09,1117085949,6,9,18,36
4660,9,9,358,7,19,0,323,0.1787709497206704,332,7,0,12,2,2,1,1,0,1,0,8,332,7,0,12,2,2,1,1,0,1,0,2,31,24,7,2,0,170,0,104,0,4,0,0.0,0,2005-05-26 05:40:09,1117086009,5,6,2,4
4661,14,11,440,4,17,0,385,0.16590909090909092,402,19,0,10,7,0,1,0,0,1,0,8,402,19,0,10,7,0,1,0,0,1,0,11,36,30,6,8,0,193,0,114,4,8,6,0.0,0,2005-05-26 05:41:09,1117086069,4,6,4,8
4662,14,6,374,5,19,0,337,0.1711229946524064,344,12,0,12,2,1,2,0,0,1,0,8,344,12,0,12,2,1,2,0,0,1,0,1,36,30,6,0,0,176,0,98,0,8,4,0.0,0,2005-05-26 05:42:09,1117086129,3,8,4,8
4663,14,11,414,5,17,0,369,0.1570048309178744,381,19,0,8,3,0,1,0,0,2,0,8,381,19,0,8,3,0,1,0,0,2,0,1,39,28,11,5,0,183,2,120,0,6,1,0.004830917874396135,1,2005-05-26 05:43:09,1117086189,3,6,20,40
4664,5,4,380,4,19,0,348,0.10789473684210528,366,3,1,7,2,0,0,0,0,1,0,10,366,3,1,7,2,0,0,0,0,1,0,10,22,14,8,0,0,179,0,90,0,6,1,0.0,0,2005-05-26 05:44:09,1117086249,4,7,3,6
4665,1,5,352,4,17,0,326,0.12215909090909093,335,9,1,2,4,0,0,0,0,1,0,10,335,9,1,2,4,0,0,0,0,1,0,2,20,13,7,4,0,169,0,94,0,8,0,0.0,0,2005-05-26 05:45:09,1117086309,4,7,5,10
4666,20,9,658,4,11,0,607,0.1337386018237082,619,23,0,5,2,2,2,4,1,0,0,7,619,23,0,5,2,2,2,4,1,0,0,0,48,36,12,3,0,194,8,148,0,4,0,0.0121580547112462,1,2005-05-26 05:46:09,1117086369,4,8,1,2
4667,28,7,736,4,17,0,660,0.1518467852257182,672,25,0,24,4,5,0,1,0,0,0,6,672,25,0,24,4,5,0,1,0,0,0,2,65,55,10,4,5,202,3,178,0,4,0,0.004076086956521739,1,2005-05-26 05:47:09,1117086429,4,7,36,72
4668,4,6,396,4,11,0,359,0.1388888888888889,377,1,0,7,8,1,1,0,1,0,0,7,377,1,0,7,8,1,1,0,1,0,0,12,19,13,6,6,0,192,0,100,2,6,1,0.0,0,2005-05-26 05:48:09,1117086489,4,7,25,50
4669,14,11,396,5,11,0,352,0.17929292929292928,361,10,0,20,0,4,1,0,0,0,0,5,361,10,0,20,0,4,1,0,0,0,0,2,33,26,7,9,0,187,0,112,0,8,1,0.0,0,2005-05-26 05:49:09,1117086549,5,9,15,30
4670,20,7,382,12,19,0,339,0.2198952879581152,348,12,0,13,5,0,1,0,1,1,0,11,348,12,0,13,5,0,1,0,1,1,0,2,41,34,7,0,0,181,0,96,0,18,1,0.0,0,2005-05-26 05:50:09,1117086609,8,10,12,24
4671,10,8,420,4,12,0,374,0.1261904761904762,391,14,0,10,2,2,1,0,0,0,0,5,391,14,0,10,2,2,1,0,0,0,0,11,35,29,6,0,0,191,0,114,0,6,2,0.0,0,2005-05-26 05:51:09,1117086669,4,9,10,20
4672,9,15,438,4,21,0,390,0.4452054794520548,398,21,0,6,1,0,0,1,0,1,0,16,398,21,0,6,1,0,0,1,0,1,0,2,41,35,6,5,0,198,0,114,0,16,2,0.0,0,2005-05-26 05:52:09,1117086729,4,11,3,6
4673,24,16,412,5,18,0,356,0.44902912621359226,366,18,4,9,2,2,1,0,0,0,10,10,366,18,4,9,2,2,1,0,0,0,10,0,56,46,10,0,0,194,4,118,0,8,0,0.009708737864077669,1,2005-05-26 05:53:09,1117086789,5,8,1,2
4674,12,16,804,6,17,0,706,0.18407960199004972,719,51,0,21,9,1,0,0,0,3,0,8,719,51,0,21,9,1,0,0,0,3,0,1,81,69,12,16,0,210,6,204,0,20,12,0.00746268656716418,1,2005-05-26 05:54:09,1117086849,6,8,22,44
4675,7,7,702,4,12,0,630,0.1267806267806268,655,32,0,7,2,0,1,4,0,1,0,8,655,32,0,7,2,0,1,4,0,1,0,15,44,34,10,13,0,204,0,142,2,6,3,0.0,0,2005-05-26 05:55:09,1117086909,4,7,11,22
4676,4,8,388,4,17,0,357,0.2248062015503876,368,4,0,6,0,1,0,1,0,2,5,9,368,4,0,6,0,1,0,1,0,2,5,5,24,18,6,1,1,180,0,96,0,10,2,0.0,0,2005-05-26 05:56:09,1117086969,4,6,2,4
4677,6,36,774,8,19,0,536,0.834625322997416,546,45,0,8,144,21,3,2,1,1,3,9,546,45,0,8,144,21,3,2,1,1,3,1,237,228,9,0,0,380,3,200,0,10,16,0.0038759689922480615,1,2005-05-26 05:57:09,1117087029,5,7,3,6
4678,13,3,454,3,17,0,382,0.2158590308370044,391,46,0,9,2,5,0,0,0,1,0,8,391,46,0,9,2,5,0,0,0,1,0,2,67,60,7,3,0,217,0,96,0,6,0,0.0,0,2005-05-26 05:58:09,1117087089,3,7,14,28
4679,5,12,390,4,19,0,344,0.15384615384615385,362,12,0,7,6,2,0,0,0,1,0,8,362,12,0,7,6,2,0,0,0,1,0,11,33,26,7,2,0,184,0,102,0,4,0,0.0,0,2005-05-26 05:59:09,1117087149,4,6,12,24
4680,19,15,494,6,11,0,406,0.3785425101214575,422,13,0,18,35,2,1,2,0,1,0,8,422,13,0,18,35,2,1,2,0,1,0,7,74,65,9,7,0,224,2,144,0,10,1,0.004048582995951417,1,2005-05-26 06:00:09,1117087209,6,7,2,4
4681,47,26,982,7,17,0,675,0.8105906313645621,688,114,0,12,119,24,7,3,0,1,5,11,688,114,0,12,119,24,7,3,0,1,5,2,276,265,11,29,0,394,0,288,0,8,14,0.0,0,2005-05-26 06:01:09,1117087269,5,8,13,26
4682,29,29,552,4,11,0,433,0.32304900181488205,448,52,0,30,19,1,1,0,0,0,0,5,448,52,0,30,19,1,1,0,0,0,0,8,75,68,7,35,1,236,0,140,0,10,1,0.0,0,2005-05-26 06:02:09,1117087329,4,10,19,38
4683,39,65,700,3,17,0,510,0.4742120343839542,533,75,0,51,18,12,6,1,0,2,0,8,533,75,0,51,18,12,6,1,0,2,0,16,144,137,7,28,2,287,5,176,0,8,7,0.0071428571428571435,1,2005-05-26 06:03:09,1117087389,3,10,20,40
4684,49,11,1164,3,19,0,1035,0.13745704467353953,1061,63,0,35,1,0,2,1,0,1,0,8,1061,63,0,35,1,0,2,1,0,1,0,1,114,89,25,14,0,456,14,274,0,16,0,0.012027491408934709,1,2005-05-26 06:04:09,1117087449,3,6,49,98
4685,39,29,716,8,17,0,583,0.26256983240223464,608,42,0,61,2,1,0,1,0,1,0,8,608,42,0,61,2,1,0,1,0,1,0,15,89,79,10,29,0,313,0,150,0,8,0,0.0,0,2005-05-26 06:05:09,1117087509,7,7,39,78
4686,26,20,464,4,19,0,392,0.2521551724137931,406,19,0,33,3,0,0,0,1,2,0,8,406,19,0,33,3,0,0,0,1,2,0,10,56,52,4,6,0,212,0,124,0,10,0,0.0,0,2005-05-26 06:06:09,1117087569,4,8,37,74
4687,56,28,908,5,17,0,763,0.2984581497797357,787,58,0,29,13,3,10,5,0,3,0,8,787,58,0,29,13,3,10,5,0,3,0,12,122,110,12,11,0,265,0,252,0,12,3,0.0,0,2005-05-26 06:07:09,1117087629,5,8,49,98
4688,23,37,494,16,19,0,394,0.3016194331983806,403,50,0,33,5,1,0,1,0,1,0,8,403,50,0,33,5,1,0,1,0,1,0,1,83,75,8,16,0,231,0,118,0,8,0,0.0,0,2005-05-26 06:08:09,1117087689,6,8,13,26
4689,22,13,444,5,22,0,381,0.5067567567567568,392,19,13,13,1,0,2,1,0,2,0,15,392,19,13,13,1,0,2,1,0,2,0,3,52,44,8,8,0,207,0,128,0,10,0,0.0,0,2005-05-26 06:09:09,1117087749,5,8,25,50
4690,1,10,382,4,11,0,344,0.0968586387434555,369,3,0,0,7,2,1,0,0,0,0,5,369,3,0,0,7,2,1,0,0,0,0,16,20,11,9,2,0,188,0,90,0,6,1,0.0,0,2005-05-26 06:10:09,1117087809,4,7,8,16
4691,14,18,422,4,17,0,358,0.2227488151658768,370,27,0,17,6,0,0,0,1,1,0,8,370,27,0,17,6,0,0,0,1,1,0,3,60,51,9,1,0,195,2,138,0,6,1,0.0047393364928909965,1,2005-05-26 06:11:09,1117087869,4,7,8,16
4692,11,12,404,4,19,0,350,0.23514851485148516,365,23,0,4,3,4,0,0,1,4,0,8,365,23,0,4,3,4,0,0,1,4,0,8,44,37,7,2,0,189,5,104,0,8,0,0.012376237623762377,1,2005-05-26 06:12:09,1117087929,4,7,27,54
4693,9,9,372,4,17,0,339,0.1774193548387097,343,11,0,10,5,0,1,0,1,1,0,8,343,11,0,10,5,0,1,0,1,1,0,0,26,22,4,7,0,174,0,96,0,8,1,0.0,0,2005-05-26 06:13:09,1117087989,4,6,14,28
4694,11,32,764,4,14,0,677,0.25654450261780104,702,16,0,13,6,11,9,3,3,1,0,8,702,16,0,13,6,11,9,3,3,1,0,13,72,60,12,2,0,216,2,208,0,10,1,0.002617801047120419,1,2005-05-26 06:14:09,1117088049,4,9,6,12
4695,2,2,392,5,11,0,369,0.04846938775510204,378,12,0,0,1,1,0,0,0,0,0,4,378,12,0,0,1,1,0,0,0,0,0,1,20,12,8,2,0,171,0,96,0,10,1,0.0,0,2005-05-26 06:15:09,1117088109,5,6,3,6
4696,7,5,372,5,17,0,346,0.08870967741935484,355,6,0,8,1,2,0,0,0,0,0,4,355,6,0,8,1,2,0,0,0,0,0,3,21,15,6,2,0,178,2,104,0,8,1,0.005376344086021507,1,2005-05-26 06:16:09,1117088169,5,6,5,10
4697,4,6,356,4,11,0,330,0.10393258426966293,334,11,0,8,2,1,0,0,0,0,0,4,334,11,0,8,2,1,0,0,0,0,0,0,20,16,4,6,0,174,2,84,0,4,0,0.005617977528089888,1,2005-05-26 06:17:09,1117088229,4,6,15,30
4698,4,16,410,4,17,0,355,0.12439024390243902,377,15,0,18,0,0,0,0,0,0,0,2,377,15,0,18,0,0,0,0,0,0,0,14,26,18,8,15,0,196,2,100,0,6,0,0.004878048780487805,1,2005-05-26 06:18:09,1117088289,4,7,13,26
4699,12,18,748,3,20,0,646,0.22459893048128346,660,57,0,17,6,0,1,0,3,3,1,9,660,57,0,17,6,0,1,0,3,3,1,2,73,61,12,27,0,219,2,168,2,6,1,0.00267379679144385,1,2005-05-26 06:19:09,1117088349,3,9,2,4
4700,28,39,622,5,17,0,483,0.4372990353697749,517,48,0,22,13,9,0,2,6,2,1,15,517,48,0,22,13,9,0,2,6,2,1,21,105,92,13,13,0,243,2,198,2,10,2,0.003215434083601286,1,2005-05-26 06:20:09,1117088409,5,8,20,40
4701,8,12,418,5,18,0,372,0.14114832535885166,390,13,0,9,3,0,1,0,2,0,0,7,390,13,0,9,3,0,1,0,2,0,0,11,31,24,7,4,0,193,3,112,0,10,1,0.0071770334928229675,1,2005-05-26 06:21:09,1117088469,5,7,1,2
4702,6,4,354,5,17,0,333,0.06497175141242938,339,9,0,4,2,0,0,0,0,0,0,3,339,9,0,4,2,0,0,0,0,0,0,0,20,14,6,1,0,172,1,90,0,10,0,0.002824858757062147,1,2005-05-26 06:22:09,1117088529,3,6,3,6
4703,6,10,376,7,18,0,348,0.1356382978723404,354,9,0,6,3,1,1,2,0,0,0,6,354,9,0,6,3,1,1,2,0,0,0,0,25,19,6,3,0,172,0,98,0,8,1,0.0,0,2005-05-26 06:23:09,1117088589,7,7,3,6
4704,29,69,580,5,17,0,439,1.3948275862068966,456,11,0,26,2,1,0,3,21,0,46,14,456,11,0,26,2,1,0,3,21,0,46,0,127,110,17,14,0,287,0,142,0,12,8,0.0,0,2005-05-26 06:24:09,1117088649,5,7,18,36
4705,63,135,750,6,22,0,521,1.2613333333333334,536,18,0,36,42,41,12,2,52,3,0,20,536,18,0,36,42,41,12,2,52,3,0,6,221,212,9,2,0,321,0,188,0,2,1,0.0,0,2005-05-26 06:25:09,1117088709,6,8,6,12
4706,105,15,832,4,19,0,661,0.5144230769230769,686,39,0,75,7,0,0,7,5,4,0,15,686,39,0,75,7,0,0,7,5,4,0,13,155,143,12,3,0,299,0,162,0,12,0,0.0,0,2005-05-26 06:26:09,1117088769,4,9,2,4
4707,6,3,470,5,19,0,434,0.13404255319148936,445,6,0,5,13,0,0,0,0,1,0,8,445,6,0,5,13,0,0,0,0,1,0,1,35,25,10,0,0,183,0,124,0,6,0,0.0,0,2005-05-26 06:27:09,1117088829,4,7,2,4
4708,36,15,452,14,17,0,390,0.4756637168141593,396,8,0,9,1,29,0,0,5,1,3,9,396,8,0,9,1,29,0,0,5,1,3,0,31,25,6,31,0,213,0,110,0,10,1,0.0,0,2005-05-26 06:28:09,1117088889,6,8,13,26
4709,41,58,730,14,19,0,549,0.9643835616438357,583,30,10,15,28,5,3,6,24,22,1,12,583,30,10,15,28,5,3,6,24,22,1,12,169,147,22,0,0,297,4,198,0,8,5,0.0054794520547945215,1,2005-05-26 06:29:09,1117088949,6,8,6,12
4710,21,7,424,4,18,0,370,0.3419811320754717,386,15,0,4,2,0,0,13,0,2,0,11,386,15,0,4,2,0,0,13,0,2,0,8,44,36,8,2,0,203,6,122,0,6,0,0.014150943396226415,1,2005-05-26 06:30:09,1117089009,4,8,8,16
4711,10,10,690,4,19,0,643,0.09710144927536232,660,13,0,12,2,0,0,0,0,3,0,8,660,13,0,12,2,0,0,0,0,3,0,9,36,28,8,2,0,190,0,182,0,10,0,0.0,0,2005-05-26 06:31:09,1117089069,4,7,9,18
4712,12,6,364,4,17,0,335,0.10989010989010987,343,8,0,12,0,0,0,0,0,1,0,8,343,8,0,12,0,0,0,0,0,1,0,1,26,19,7,2,0,178,1,90,0,8,0,0.0027472527472527475,1,2005-05-26 06:32:09,1117089129,4,6,13,26
4713,21,19,458,4,13,0,385,0.3951965065502183,409,10,0,8,0,0,31,0,0,0,0,5,409,10,0,8,0,0,31,0,0,0,0,10,61,47,14,2,0,200,7,140,0,10,2,0.015283842794759825,1,2005-05-26 06:33:09,1117089189,4,6,8,16
4714,9,13,426,4,18,0,383,0.1619718309859155,397,10,0,8,6,1,3,1,0,0,0,6,397,10,0,8,6,1,3,1,0,0,0,2,39,27,12,2,0,198,2,142,0,6,0,0.004694835680751174,1,2005-05-26 06:34:09,1117089249,4,7,4,8
4715,12,7,164,4,17,0,131,0.3475609756097561,136,13,0,10,2,1,0,0,2,0,0,7,136,13,0,10,2,1,0,0,2,0,0,0,31,26,5,2,0,69,0,88,0,6,0,0.0,0,2005-05-26 06:35:09,1117089309,4,6,9,18
4716,13,13,376,4,19,0,339,0.18085106382978725,345,8,0,16,4,2,0,0,0,1,0,8,345,8,0,16,4,2,0,0,0,1,0,0,31,25,6,6,0,179,2,100,0,10,0,0.0053191489361702135,1,2005-05-26 06:36:09,1117089369,4,7,15,30
4717,9,13,420,3,17,0,364,0.22142857142857145,390,11,0,6,6,3,1,0,0,1,0,14,390,11,0,6,6,3,1,0,0,1,0,15,36,25,11,5,0,193,0,114,0,8,0,0.0,0,2005-05-26 06:37:09,1117089429,3,7,6,12
4718,32,14,744,5,18,0,659,0.2018842530282638,679,17,0,34,7,2,1,0,1,0,0,12,679,17,0,34,7,2,1,0,1,0,0,1,79,60,19,4,1,204,2,200,0,8,0,0.0026881720430107533,1,2005-05-26 06:38:09,1117089489,5,7,1,2
4719,8,13,378,4,11,0,347,0.1349206349206349,352,4,0,19,3,0,0,0,0,0,0,3,352,4,0,19,3,0,0,0,0,0,0,0,30,25,5,1,0,175,0,104,0,6,0,0.0,0,2005-05-26 06:39:09,1117089549,4,6,16,32
4720,8,8,462,3,19,0,418,0.13203463203463206,439,10,0,6,2,1,0,1,1,2,0,8,439,10,0,6,2,1,0,1,1,2,0,11,26,16,10,7,0,222,0,112,0,10,0,0.0,0,2005-05-26 06:40:09,1117089609,3,7,9,18
4721,7,4,394,4,13,0,362,0.09898477157360408,376,7,0,8,0,2,0,0,0,1,0,8,376,7,0,8,0,2,0,0,0,1,0,9,20,15,5,3,0,182,0,106,0,6,0,0.0,0,2005-05-26 06:41:09,1117089669,4,8,6,12
4722,15,7,388,9,17,0,354,0.18298969072164947,364,4,0,10,7,1,0,0,0,1,0,14,364,4,0,10,7,1,0,0,0,1,0,2,29,21,8,3,0,182,2,114,0,8,0,0.005154639175257732,1,2005-05-26 06:42:09,1117089729,7,7,2,4
4723,13,16,478,4,18,0,436,0.13626834381551362,442,17,0,10,5,2,1,0,0,0,0,5,442,17,0,10,5,2,1,0,0,0,0,0,39,33,6,2,1,180,4,140,0,6,1,0.008368200836820083,2,2005-05-26 06:43:09,1117089789,4,7,18,36
4724,4,5,374,4,17,0,334,0.14171122994652408,352,9,0,6,4,1,0,0,0,2,0,8,352,9,0,6,4,1,0,0,0,2,0,12,24,18,6,4,0,180,0,110,0,2,1,0.0,0,2005-05-26 06:44:09,1117089849,4,7,0,0
4725,5,6,366,8,18,0,340,0.08743169398907104,349,8,0,4,4,1,0,0,0,0,0,4,349,8,0,4,4,1,0,0,0,0,0,1,21,13,8,4,0,169,0,92,0,8,0,0.0,0,2005-05-26 06:45:09,1117089909,4,6,10,20
4726,32,11,434,4,17,0,374,0.27419354838709675,381,32,0,7,5,1,4,2,0,1,0,14,381,32,0,7,5,1,4,2,0,1,0,1,57,51,6,2,0,194,1,120,0,8,0,0.002304147465437788,1,2005-05-26 06:46:09,1117089969,4,6,9,18
4727,10,23,696,8,14,0,642,0.14942528735632185,652,14,0,21,2,2,0,1,4,0,0,7,652,14,0,21,2,2,0,1,4,0,0,2,50,42,8,2,0,194,4,162,0,2,0,0.005747126436781609,1,2005-05-26 06:47:09,1117090029,5,7,18,36
4728,6,6,416,7,17,0,364,0.125,390,14,0,6,1,2,3,0,0,0,0,5,390,14,0,6,1,2,3,0,0,0,0,18,33,25,8,1,0,193,0,112,0,8,0,0.0,0,2005-05-26 06:48:09,1117090089,7,7,2,4
4729,37,5,422,4,11,0,363,0.24228028503562946,369,19,0,22,8,0,3,0,0,0,0,5,369,19,0,22,8,0,3,0,0,0,0,0,57,51,6,1,1,202,2,114,0,4,1,0.0047393364928909965,1,2005-05-26 06:49:09,1117090149,4,7,28,56
4730,18,13,416,4,11,0,360,0.19471153846153846,380,6,0,18,10,1,1,0,0,0,0,5,380,6,0,18,10,1,1,0,0,0,0,8,48,36,12,0,0,189,6,106,0,6,0,0.014423076923076926,1,2005-05-26 06:50:09,1117090209,4,7,0,0
4731,9,13,472,4,18,0,406,0.2059447983014862,424,23,0,11,8,1,0,4,0,0,0,6,424,23,0,11,8,1,0,4,0,0,0,12,40,34,6,13,1,202,3,120,0,14,4,0.006355932203389831,1,2005-05-26 06:51:09,1117090269,4,6,14,28
4732,8,8,386,4,17,0,346,0.19689119170984454,359,15,3,4,2,2,0,0,0,0,1,10,359,15,3,4,2,2,0,0,0,0,1,7,29,23,6,4,0,187,2,100,0,8,0,0.0051813471502590676,1,2005-05-26 06:52:09,1117090329,4,7,15,30
4733,13,11,442,3,18,0,401,0.1176470588235294,411,15,0,13,2,0,1,0,0,0,0,5,411,15,0,13,2,0,1,0,0,0,0,0,40,30,10,1,0,215,2,110,0,8,1,0.004524886877828055,1,2005-05-26 06:53:09,1117090389,3,7,10,20
4734,4,5,432,4,17,0,390,0.06944444444444445,413,12,0,4,2,1,0,0,0,0,0,4,413,12,0,4,2,1,0,0,0,0,0,7,33,17,16,2,0,211,0,98,0,6,0,0.0,0,2005-05-26 06:54:09,1117090449,4,7,18,36
4735,32,45,784,4,13,0,674,0.18494897959183676,694,65,0,4,16,3,1,0,1,0,0,7,694,65,0,4,16,3,1,0,1,0,0,12,80,72,8,18,0,229,0,138,0,10,1,0.0,0,2005-05-26 06:55:09,1117090509,4,7,4,8
4736,1,12,498,3,11,0,436,0.14257028112449802,449,39,0,2,5,2,1,0,0,0,0,5,449,39,0,2,5,2,1,0,0,0,0,2,48,37,11,12,0,238,0,128,0,6,0,0.0,0,2005-05-26 06:56:09,1117090569,3,6,8,16
4737,7,8,514,5,17,0,459,0.140625,471,25,0,6,8,1,0,0,1,0,0,7,471,25,0,6,8,1,0,0,1,0,0,2,48,38,10,3,2,232,0,118,0,10,1,0.0,0,2005-05-26 06:57:09,1117090629,5,6,5,10
4738,7,9,400,4,18,0,353,0.1575,365,23,0,8,1,0,0,0,3,0,0,7,365,23,0,8,1,0,0,0,3,0,0,5,39,32,7,3,0,192,8,104,0,6,0,0.02,2,2005-05-26 06:58:09,1117090689,4,7,24,48
4739,2,5,372,4,17,0,342,0.0456989247311828,360,7,0,5,0,0,0,0,0,0,0,2,360,7,0,5,0,0,0,0,0,0,0,12,15,9,6,3,0,183,0,88,0,8,0,0.0,0,2005-05-26 06:59:09,1117090749,4,7,1,2
4740,19,23,744,8,18,0,665,0.17473118279569896,679,32,0,17,8,3,3,1,1,0,0,7,679,32,0,17,8,3,3,1,1,0,0,0,68,54,14,11,0,200,0,186,0,20,18,0.0,0,2005-05-26 07:00:09,1117090809,5,6,4,8
4741,14,10,382,8,17,0,350,0.17539267015706805,355,9,0,11,1,2,0,3,1,0,0,7,355,9,0,11,1,2,0,3,1,0,0,1,30,26,4,1,0,178,8,96,0,8,0,0.020942408376963352,1,2005-05-26 07:01:09,1117090869,4,7,4,8
4742,13,8,382,4,18,0,343,0.17277486910994766,353,13,0,9,2,0,1,4,0,0,0,6,353,13,0,9,2,0,1,4,0,0,0,2,35,27,8,2,0,181,4,100,0,4,0,0.010471204188481676,1,2005-05-26 07:02:09,1117090929,4,7,14,28
4743,67,8,664,8,19,0,562,0.1987951807228916,581,49,0,26,6,0,1,0,0,1,0,8,581,49,0,26,6,0,1,0,0,1,0,11,88,80,8,3,0,235,2,140,0,2,1,0.0030120481927710845,1,2005-05-26 07:03:09,1117090989,7,7,15,30
4744,72,12,798,3,17,0,689,0.2518796992481203,705,41,0,11,33,4,3,0,0,1,0,8,705,41,0,11,33,4,3,0,0,1,0,8,94,86,8,7,0,217,2,176,0,4,0,0.0025062656641604013,1,2005-05-26 07:04:09,1117091049,3,7,27,54
4745,19,12,466,7,18,0,386,0.23225806451612904,411,26,0,15,6,2,4,1,0,0,0,6,411,26,0,15,6,2,4,1,0,0,0,14,62,51,11,3,1,189,2,150,0,12,0,0.004291845493562232,1,2005-05-26 07:05:09,1117091109,7,7,56,112
4746,14,6,396,16,18,0,344,0.1919191919191919,363,16,0,8,4,1,0,0,4,0,0,7,363,16,0,8,4,1,0,0,4,0,0,11,40,32,8,1,0,186,2,110,0,6,0,0.005050505050505051,1,2005-05-26 07:06:09,1117091169,10,10,5,10
4747,10,6,636,4,19,0,599,0.08018867924528301,613,9,0,8,2,0,4,0,0,0,0,5,613,9,0,8,2,0,4,0,0,0,0,1,34,21,13,2,0,180,2,150,0,4,1,0.0031446540880503146,1,2005-05-26 07:07:09,1117091229,4,10,7,14
4748,17,14,662,4,17,0,609,0.13293051359516614,626,9,0,13,10,0,1,3,0,0,0,6,626,9,0,13,10,0,1,3,0,0,0,3,40,26,14,10,0,194,6,160,0,6,0,0.00906344410876133,1,2005-05-26 07:08:09,1117091289,4,7,8,16
4749,12,17,396,5,12,0,349,0.20454545454545456,358,14,0,12,8,1,3,0,0,0,0,5,358,14,0,12,8,1,3,0,0,0,0,2,38,31,7,7,0,187,8,124,0,6,3,0.020202020202020204,1,2005-05-26 07:09:09,1117091349,4,8,28,56
4750,19,9,434,5,17,0,369,0.2511520737327189,398,9,0,10,5,0,7,5,0,0,0,6,398,9,0,10,5,0,7,5,0,0,0,23,41,35,6,1,0,202,1,110,0,6,0,0.002304147465437788,1,2005-05-26 07:10:09,1117091409,5,7,3,6
4751,4,5,348,3,19,0,325,0.11494252873563217,332,3,0,9,2,0,1,0,0,1,0,8,332,3,0,9,2,0,1,0,0,1,0,1,18,12,6,4,0,171,0,92,0,6,0,0.0,0,2005-05-26 07:11:09,1117091469,3,6,9,18
4752,8,8,370,6,17,0,330,0.16216216216216214,346,7,0,11,2,1,0,1,1,1,0,8,346,7,0,11,2,1,0,1,1,1,0,8,30,22,8,2,0,179,3,104,0,8,0,0.008108108108108109,1,2005-05-26 07:12:09,1117091529,4,9,1,2
4753,23,18,1022,5,19,0,956,0.10479921645445643,973,20,0,12,12,1,0,0,1,2,0,8,973,20,0,12,12,1,0,0,1,2,0,2,61,46,15,2,1,190,6,246,0,14,1,0.005870841487279843,1,2005-05-26 07:13:09,1117091589,5,8,17,34
4754,34,9,452,8,14,0,378,0.2411504424778761,395,33,0,15,3,2,2,0,0,1,0,11,395,33,0,15,3,2,2,0,0,1,0,11,60,54,6,3,0,209,0,130,0,2,0,0.0,0,2005-05-26 07:14:09,1117091649,5,6,21,42
4755,13,4,402,4,19,0,354,0.15422885572139305,369,19,0,7,5,0,0,1,0,1,0,8,369,19,0,7,5,0,0,1,0,1,0,5,39,29,10,4,0,188,0,108,0,4,0,0.0,0,2005-05-26 07:15:09,1117091709,4,7,9,18
4756,18,13,176,5,11,0,114,0.4602272727272727,127,31,0,13,1,2,0,1,1,0,0,7,127,31,0,13,1,2,0,1,1,0,0,7,54,48,6,1,0,80,0,86,0,6,1,0.0,0,2005-05-26 07:16:09,1117091769,3,7,11,22
4757,5,10,402,3,17,0,347,0.22194513715710726,360,18,0,16,2,1,0,1,1,2,0,8,360,18,0,16,2,1,0,1,1,2,0,7,42,36,6,5,1,193,1,128,0,8,2,0.0024875621890547268,1,2005-05-26 07:17:09,1117091829,3,7,16,32
4758,9,6,416,4,18,0,358,0.11778846153846155,384,18,0,11,3,0,0,0,0,0,0,3,384,18,0,11,3,0,0,0,0,0,0,15,42,31,11,1,0,196,0,100,0,10,0,0.0,0,2005-05-26 07:18:09,1117091889,4,7,5,10
4759,11,15,682,4,17,0,634,0.11160058737151247,650,7,0,8,14,1,0,0,1,0,0,7,650,7,0,8,14,1,0,0,1,0,0,4,37,25,12,6,1,180,5,174,2,8,3,0.007331378299120234,1,2005-05-26 07:19:09,1117091949,4,6,7,14
4760,10,4,362,6,11,0,332,0.09116022099447514,343,6,0,12,1,0,0,0,0,0,0,3,343,6,0,12,1,0,0,0,0,0,0,5,24,18,6,1,0,179,1,102,0,4,0,0.0027624309392265192,1,2005-05-26 07:20:09,1117092009,5,6,20,40
4761,11,16,174,5,19,0,123,0.4712643678160919,140,11,0,16,3,0,0,0,2,2,0,8,140,11,0,16,3,0,0,0,2,2,0,14,34,31,3,3,0,72,0,84,0,10,0,0.0,0,2005-05-26 07:21:09,1117092069,5,7,4,8
4762,12,16,398,4,17,0,354,0.12846347607052894,367,18,0,8,3,0,0,0,0,1,0,8,367,18,0,8,3,0,0,0,0,1,0,1,40,28,12,2,1,182,4,108,0,12,0,0.010050251256281407,1,2005-05-26 07:22:09,1117092129,4,6,5,10
4763,13,6,396,5,19,0,360,0.11282051282051282,365,15,0,6,3,0,0,0,0,1,0,8,365,15,0,6,3,0,0,0,0,1,0,1,29,25,4,0,6,186,0,104,0,4,0,0.0,0,2005-05-26 07:23:09,1117092189,5,6,9,18
4764,16,10,402,5,18,0,345,0.2348484848484849,358,10,0,14,5,8,0,0,0,1,0,8,358,10,0,14,5,8,0,0,0,1,0,7,40,34,6,4,6,199,0,102,0,8,1,0.0,0,2005-05-26 07:24:09,1117092249,3,6,13,26
4765,39,9,504,5,19,0,413,0.23904382470119526,433,46,0,12,5,0,3,2,0,1,0,8,433,46,0,12,5,0,3,2,0,1,0,14,74,68,6,1,2,231,13,158,0,6,0,0.025793650793650792,1,2005-05-26 07:25:09,1117092309,5,6,41,82
4766,13,7,698,4,18,0,643,0.09455587392550144,667,19,1,7,2,0,0,0,0,1,1,10,667,19,1,7,2,0,0,0,0,1,1,12,43,31,12,0,0,187,1,162,0,8,0,0.0014326647564469914,1,2005-05-26 07:26:09,1117092369,4,6,6,12
4767,17,28,556,5,17,0,483,0.2232304900181488,496,19,0,17,6,13,0,0,0,0,0,4,496,19,0,17,6,13,0,0,0,0,0,3,59,49,10,6,5,240,0,148,0,16,0,0.0,0,2005-05-26 07:27:09,1117092429,5,6,14,28
4768,5,12,696,4,11,0,645,0.10344827586206896,658,19,0,11,4,1,3,0,0,0,0,5,658,19,0,11,4,1,3,0,0,0,0,1,49,37,12,1,0,220,0,156,0,8,1,0.0,0,2005-05-26 07:28:09,1117092489,4,6,3,6
4769,12,32,756,4,17,0,666,0.1693121693121693,688,35,0,17,9,4,2,1,0,0,0,6,688,35,0,17,9,4,2,1,0,0,0,14,58,50,8,18,0,217,12,166,0,6,1,0.015873015873015872,1,2005-05-26 07:29:09,1117092549,4,6,2,4
4770,18,12,432,15,18,0,372,0.25,383,15,0,19,9,5,0,0,0,1,0,8,383,15,0,19,9,5,0,0,0,1,0,5,47,41,6,8,0,207,2,122,0,6,1,0.0046296296296296285,1,2005-05-26 07:30:09,1117092609,8,8,12,24
4771,16,29,414,10,17,0,356,0.3115942028985507,364,6,0,28,9,1,0,6,0,0,0,6,364,6,0,28,9,1,0,6,0,0,0,2,48,42,6,8,0,193,0,102,0,4,0,0.0,0,2005-05-26 07:31:09,1117092669,7,8,21,42
4772,11,12,464,8,11,0,389,0.27155172413793105,412,30,0,7,3,4,0,6,0,0,1,12,412,30,0,7,3,4,0,6,0,0,1,17,42,36,6,16,0,217,0,114,0,8,1,0.0,0,2005-05-26 07:32:09,1117092729,4,7,15,30
4773,2,26,454,3,12,0,370,0.22687224669603526,388,34,0,29,1,2,0,0,0,0,0,4,388,34,0,29,1,2,0,0,0,0,0,12,72,66,6,0,0,225,0,128,0,2,1,0.0,0,2005-05-26 07:33:09,1117092789,3,7,14,28
4774,21,28,488,4,17,0,386,0.375,399,54,2,13,13,0,0,6,0,1,0,10,399,54,2,13,13,0,0,6,0,1,0,9,84,80,4,9,0,228,0,122,0,10,2,0.0,0,2005-05-26 07:34:09,1117092849,4,6,2,4
4775,10,14,918,4,19,0,838,0.1383442265795207,862,30,2,13,3,1,6,0,0,1,0,10,862,30,2,13,3,1,6,0,0,1,0,4,73,53,20,3,0,241,0,214,0,14,0,0.0,0,2005-05-26 07:35:09,1117092909,4,9,22,44
4776,24,21,440,4,17,0,371,0.2909090909090909,387,17,0,23,6,0,0,5,0,1,1,9,387,17,0,23,6,0,0,5,0,1,1,10,52,46,6,7,0,210,2,102,0,6,0,0.004545454545454545,1,2005-05-26 07:36:09,1117092969,4,8,33,66
4777,10,9,452,4,19,0,375,0.21103117505995206,389,10,0,4,1,6,3,2,0,2,0,8,389,10,0,4,1,6,3,2,0,2,0,8,30,24,6,4,35,218,0,96,0,8,0,0.0,0,2005-05-26 07:37:09,1117093029,4,7,11,22
4778,34,9,418,4,17,0,356,0.2129186602870813,371,32,0,6,2,2,1,3,0,1,0,8,371,32,0,6,2,2,1,3,0,1,0,8,48,41,7,6,0,205,1,96,0,8,0,0.0023923444976076554,1,2005-05-26 07:38:09,1117093089,4,5,2,4
4779,35,61,506,4,11,0,397,0.642292490118577,406,35,0,10,2,27,0,26,0,0,0,6,406,35,0,10,2,27,0,26,0,0,0,3,79,73,6,27,0,219,0,98,0,4,0,0.0,0,2005-05-26 07:39:09,1117093149,4,8,12,24
4780,30,19,460,4,17,0,386,0.29347826086956524,405,29,0,8,3,4,1,10,0,0,0,6,405,29,0,8,3,4,1,10,0,0,0,12,57,50,7,5,0,219,4,102,0,8,0,0.008695652173913044,1,2005-05-26 07:40:09,1117093209,4,6,3,6
4781,61,9,782,4,16,0,694,0.3248081841432225,706,7,0,33,6,3,25,0,0,0,0,13,706,7,0,33,6,3,25,0,0,0,0,2,83,73,10,3,0,200,6,184,0,6,0,0.007672634271099744,1,2005-05-26 07:41:09,1117093269,4,7,9,18
4782,10,9,358,6,17,0,330,0.13128491620111732,339,1,0,14,2,0,0,2,0,0,0,6,339,1,0,14,2,0,0,2,0,0,0,3,25,19,6,0,0,173,4,94,0,8,0,0.0111731843575419,2,2005-05-26 07:42:09,1117093329,4,6,0,0
4783,20,5,504,4,12,0,441,0.2420634920634921,464,11,0,13,6,0,0,5,4,0,1,9,464,11,0,13,6,0,0,5,4,0,1,6,57,40,17,0,0,237,13,128,0,6,0,0.025793650793650792,1,2005-05-26 07:43:09,1117093389,4,9,13,26
4784,18,3,392,4,18,0,347,0.20408163265306126,363,6,0,12,8,1,0,0,0,0,0,11,363,6,0,12,8,1,0,0,0,0,0,10,35,29,6,0,0,190,2,94,0,10,1,0.005102040816326529,1,2005-05-26 07:44:09,1117093449,4,13,8,16
4785,10,12,404,5,17,0,362,0.2995049504950495,377,5,2,8,1,0,0,5,2,3,1,10,377,5,2,8,1,0,0,5,2,3,1,4,34,23,11,4,0,182,2,122,0,10,3,0.0049504950495049506,1,2005-05-26 07:45:09,1117093509,5,12,9,18
4786,10,2,350,4,18,0,321,0.1,331,10,0,5,2,1,1,0,0,0,0,5,331,10,0,5,2,1,1,0,0,0,0,3,22,15,7,4,0,171,0,88,0,6,1,0.0,0,2005-05-26 07:46:09,1117093569,4,6,6,12
4787,4,9,404,3,17,0,365,0.1188118811881188,382,9,0,8,3,0,0,0,2,0,0,7,382,9,0,8,3,0,0,0,2,0,0,11,24,18,6,4,0,184,0,106,0,8,0,0.0,0,2005-05-26 07:47:09,1117093629,3,9,20,40
4788,10,18,486,6,11,0,437,0.1337448559670782,450,9,0,25,2,0,0,0,0,0,0,3,450,9,0,25,2,0,0,0,0,0,0,1,29,17,12,19,0,237,0,106,0,8,0,0.0,0,2005-05-26 07:48:09,1117093689,4,6,13,26
4789,2,17,372,5,17,0,331,0.11021505376344086,351,5,0,12,4,0,0,0,0,0,0,3,351,5,0,12,4,0,0,0,0,0,0,7,23,11,12,11,0,181,0,86,0,6,0,0.0,0,2005-05-26 07:49:09,1117093749,5,5,2,4
4790,37,4,426,4,18,0,363,0.25821596244131456,370,15,0,32,7,1,0,1,0,0,0,6,370,15,0,32,7,1,0,1,0,0,0,1,62,56,6,0,0,200,0,106,0,8,1,0.0,0,2005-05-26 07:50:09,1117093809,4,7,15,30
4791,19,208,1218,5,17,0,444,0.5648604269293924,777,223,0,199,16,1,0,0,1,1,0,8,777,223,0,199,16,1,0,0,1,1,0,13,758,438,320,3,0,400,4,192,0,10,11,0.003284072249589491,1,2005-05-26 07:51:09,1117093869,5,10,53,106
4792,29,8,834,4,18,0,743,0.11990407673860913,775,33,0,11,15,0,0,0,0,0,0,3,775,33,0,11,15,0,0,0,0,0,0,2,86,56,30,3,0,404,4,242,0,20,3,0.004796163069544364,1,2005-05-26 07:52:09,1117093929,4,8,4,8
4793,10,17,424,7,17,0,371,0.2287735849056604,377,27,0,5,10,0,0,5,0,0,0,6,377,27,0,5,10,0,0,5,0,0,0,0,53,47,6,0,0,190,2,100,0,6,4,0.0047169811320754715,1,2005-05-26 07:53:09,1117093989,7,8,9,18
4794,73,10,1004,4,19,0,868,0.28043912175648705,888,22,0,39,47,1,0,2,1,1,1,9,888,22,0,39,47,1,0,2,1,1,1,8,125,113,12,1,2,325,2,230,0,18,0,0.00199203187250996,1,2005-05-26 07:54:09,1117094049,4,9,23,46
4795,16,27,440,4,17,0,373,0.2636363636363636,389,13,0,27,7,0,1,0,1,2,0,8,389,13,0,27,7,0,1,0,1,2,0,10,40,34,6,17,0,203,6,122,0,8,5,0.013636363636363636,1,2005-05-26 07:55:09,1117094109,4,10,39,78
4796,15,6,396,4,19,0,358,0.1717171717171717,364,17,1,7,5,1,0,0,0,1,0,10,364,17,1,7,5,1,0,0,0,1,0,0,36,30,6,2,0,191,0,96,0,6,2,0.0,0,2005-05-26 07:56:09,1117094169,4,7,1,2
4797,10,5,410,4,15,0,357,0.2682926829268293,366,20,3,14,4,0,0,2,0,1,0,10,366,20,3,14,4,0,0,2,0,1,0,3,48,42,6,2,0,198,0,128,0,2,0,0.0,0,2005-05-26 07:57:09,1117094229,4,11,17,34
4798,9,12,410,6,17,0,367,0.2975609756097561,371,18,0,9,2,0,0,3,0,5,0,11,371,18,0,9,2,0,0,3,0,5,0,0,36,32,4,7,0,196,4,106,0,10,0,0.00975609756097561,1,2005-05-26 07:58:09,1117094289,6,6,11,22
4799,32,27,1080,6,19,0,842,0.3018518518518519,875,135,0,48,10,3,5,2,0,2,0,8,875,135,0,48,10,3,5,2,0,2,0,18,210,195,15,10,0,367,32,246,2,14,6,0.02962962962962963,1,2005-05-26 07:59:09,1117094349,6,7,13,26
4800,16,48,616,4,18,0,443,0.4366883116883117,472,82,0,40,5,10,1,2,1,1,1,11,472,82,0,40,5,10,1,2,1,1,1,1,125,97,28,47,0,264,16,200,0,22,8,0.025974025974025976,1,2005-05-26 08:00:09,1117094409,4,7,22,44
4801,211,14,916,3,14,0,454,0.37882096069869,633,254,0,18,1,6,1,0,1,0,2,9,633,254,0,18,1,6,1,0,1,0,2,2,457,280,177,3,0,436,2,202,0,8,4,0.002183406113537118,1,2005-05-26 08:01:09,1117094469,3,8,16,32
4802,11,10,148,4,17,0,100,0.5202702702702703,118,16,0,5,0,0,3,6,0,0,0,6,118,16,0,5,0,0,3,6,0,0,0,11,30,23,7,7,0,68,6,72,0,8,1,0.040540540540540536,1,2005-05-26 08:02:09,1117094529,4,8,3,6
4803,49,15,564,5,19,0,467,0.2322695035460993,484,58,0,9,7,3,1,0,0,1,1,9,484,58,0,9,7,3,1,0,0,1,1,2,93,78,15,2,0,237,3,140,0,8,1,0.0053191489361702135,1,2005-05-26 08:03:09,1117094589,5,6,7,14
4804,14,10,392,6,17,0,355,0.25,364,8,0,1,5,9,1,1,0,1,2,9,364,8,0,1,5,9,1,1,0,1,2,1,31,23,8,5,0,188,0,106,0,8,0,0.0,0,2005-05-26 08:04:09,1117094649,4,7,42,84
4805,27,4,608,3,18,0,555,0.125,569,16,0,17,5,0,0,0,0,0,0,11,569,16,0,17,5,0,0,0,0,0,0,6,46,38,8,1,0,188,5,138,0,2,3,0.008223684210526315,1,2005-05-26 08:05:09,1117094709,3,6,25,50
4806,21,16,458,5,17,0,391,0.3056768558951965,415,13,0,9,7,7,0,0,0,5,1,11,415,13,0,9,7,7,0,0,0,5,1,14,47,37,10,6,0,205,0,126,0,14,3,0.0,0,2005-05-26 08:06:09,1117094769,4,11,20,40
4807,4,8,498,6,19,0,464,0.13052208835341367,471,13,0,4,0,9,0,0,0,1,0,8,471,13,0,4,0,9,0,0,0,1,0,2,23,18,5,9,0,215,0,84,0,10,0,0.0,0,2005-05-26 08:07:09,1117094829,6,6,6,12
4808,11,49,594,4,17,0,467,0.3468013468013468,481,58,0,38,10,1,3,0,1,2,0,8,481,58,0,38,10,1,3,0,1,2,0,2,87,75,12,38,0,259,4,122,2,14,49,0.006734006734006735,1,2005-05-26 08:08:09,1117094889,4,10,4,8
4809,137,142,988,11,12,0,642,0.8549695740365112,661,145,0,12,11,144,13,0,0,0,0,5,661,145,0,12,11,144,13,0,0,0,0,3,336,320,16,5,2,340,0,252,0,6,5,0.0,0,2005-05-26 08:09:09,1117094949,5,7,17,34
4810,5,20,422,4,17,0,368,0.16389548693586695,390,8,0,16,2,2,3,0,0,0,0,5,390,8,0,16,2,2,3,0,0,0,0,12,38,28,10,3,1,195,2,112,0,12,0,0.0047393364928909965,1,2005-05-26 08:10:09,1117095009,4,6,8,16
4811,38,18,644,4,19,0,479,0.6651090342679128,493,25,0,14,80,23,4,0,2,1,0,8,493,25,0,14,80,23,4,0,2,1,0,7,153,146,7,3,2,295,11,204,0,12,6,0.017080745341614908,1,2005-05-26 08:11:09,1117095069,4,7,7,14
4812,29,22,804,4,17,0,665,0.3544776119402985,678,37,0,34,46,6,2,0,0,1,0,8,678,37,0,34,46,6,2,0,0,1,0,4,126,117,9,9,0,284,8,194,0,10,2,0.009950248756218905,1,2005-05-26 08:12:09,1117095129,4,7,12,24
4813,25,14,422,5,11,0,366,0.2345971563981043,373,13,0,24,10,2,0,0,0,0,0,4,373,13,0,24,10,2,0,0,0,0,0,1,51,45,6,4,0,195,2,130,0,6,0,0.0047393364928909965,1,2005-05-26 08:13:09,1117095189,5,6,24,48
4814,14,23,450,6,11,0,380,0.2533333333333333,398,18,0,23,2,8,0,0,0,0,0,12,398,18,0,23,2,8,0,0,0,0,0,10,50,42,8,10,0,201,6,126,0,10,2,0.013333333333333334,1,2005-05-26 08:14:09,1117095249,4,8,4,8
4815,6,7,384,3,17,0,356,0.0859375,365,9,0,6,4,0,0,0,0,0,0,3,365,9,0,6,4,0,0,0,0,0,0,2,22,15,7,4,0,182,0,98,0,8,2,0.0,0,2005-05-26 08:15:09,1117095309,3,7,7,14
4816,55,9,548,4,18,0,444,0.4470802919708029,467,20,0,9,31,1,10,10,0,0,0,6,467,20,0,9,31,1,10,10,0,0,0,1,102,80,22,1,0,209,0,146,0,4,0,0.0,0,2005-05-26 08:16:09,1117095369,4,8,4,8
4817,37,15,788,3,17,0,702,0.17385786802030456,730,24,0,13,8,2,11,0,0,0,0,5,730,24,0,13,8,2,11,0,0,0,0,17,65,54,11,4,0,216,9,200,0,16,3,0.011421319796954314,2,2005-05-26 08:17:09,1117095429,3,8,25,50
4818,69,36,558,5,19,0,424,0.8709677419354839,438,64,0,5,3,0,3,0,26,1,0,11,438,64,0,5,3,0,3,0,26,1,0,1,131,118,13,2,0,272,8,124,0,12,0,0.014336917562724013,1,2005-05-26 08:18:09,1117095489,5,7,2,4
4819,3,38,524,4,17,0,416,0.3282442748091603,426,32,0,63,2,0,0,0,0,1,0,8,426,32,0,63,2,0,0,0,0,1,0,1,105,96,9,2,0,218,0,114,0,8,70,0.0,0,2005-05-26 08:19:09,1117095549,4,7,5,10
4820,15,17,632,5,19,0,579,0.12658227848101267,595,12,0,16,7,0,0,0,1,1,0,8,595,12,0,16,7,0,0,0,1,1,0,3,48,35,13,2,0,187,2,154,0,10,6,0.0031645569620253164,1,2005-05-26 08:20:09,1117095609,5,7,16,32
4821,3,6,304,3,17,0,272,0.10855263157894736,290,5,0,4,4,0,0,0,0,1,0,8,290,5,0,4,4,0,0,0,0,1,0,12,18,12,6,2,0,147,3,68,0,6,0,0.009868421052631578,1,2005-05-26 08:21:09,1117095669,3,6,13,26
4822,13,13,432,3,19,0,379,0.1412037037037037,394,25,0,9,2,1,0,0,0,1,0,8,394,25,0,9,2,1,0,0,0,1,0,8,44,37,7,1,0,186,0,110,0,8,2,0.0,0,2005-05-26 08:22:09,1117095729,3,9,5,10
4823,10,29,740,9,17,0,665,0.21891891891891893,678,26,0,10,6,9,8,0,2,1,0,8,678,26,0,10,6,9,8,0,2,1,0,2,52,41,11,21,0,201,0,184,0,10,1,0.0,0,2005-05-26 08:23:09,1117095789,7,8,11,22
4824,13,26,444,9,18,0,377,0.3783783783783784,386,12,0,23,2,2,18,1,0,0,0,6,386,12,0,23,2,2,18,1,0,0,0,0,67,58,9,0,0,213,2,114,0,8,2,0.0045045045045045045,1,2005-05-26 08:24:09,1117095849,5,7,13,26
4825,6,12,382,5,17,0,340,0.14921465968586387,357,11,0,8,0,2,3,0,1,0,0,7,357,11,0,8,0,2,3,0,1,0,0,11,27,21,6,4,0,186,2,94,0,8,1,0.005235602094240838,1,2005-05-26 08:25:09,1117095909,5,6,4,8
4826,73,24,612,19,19,0,453,0.7381342062193126,459,20,0,60,25,13,24,7,2,1,0,8,459,20,0,60,25,13,24,7,2,1,0,0,157,151,6,1,1,279,23,160,0,6,0,0.037581699346405234,2,2005-05-26 08:26:09,1117095969,5,7,2,4
4827,9,37,470,3,17,0,391,0.4702127659574468,399,16,0,25,2,3,19,3,1,1,1,9,399,16,0,25,2,3,19,3,1,1,1,1,78,71,7,0,0,221,5,140,0,12,2,0.010638297872340424,2,2005-05-26 08:27:09,1117096029,3,8,12,24
4828,41,9,468,4,19,0,390,0.2841880341880342,399,40,0,16,5,3,1,2,0,1,1,9,399,40,0,16,5,3,1,2,0,1,1,0,77,68,9,1,0,225,6,122,0,12,2,0.01282051282051282,1,2005-05-26 08:28:09,1117096089,4,6,25,50
4829,9,31,418,4,11,0,350,0.6100478468899522,372,14,0,3,8,2,1,0,0,0,0,11,372,14,0,3,8,2,1,0,0,0,0,13,53,44,9,2,0,202,19,114,0,4,2,0.045454545454545456,2,2005-05-26 08:29:09,1117096149,4,5,10,20
4830,23,24,760,4,17,0,662,0.23026315789473684,680,33,0,31,0,4,10,1,0,1,0,8,680,33,0,31,0,4,10,1,0,1,0,8,87,77,10,3,0,229,17,170,0,6,0,0.022368421052631583,2,2005-05-26 08:30:09,1117096209,4,7,8,16
4831,47,18,498,15,19,0,395,0.3514056224899598,413,42,0,19,17,1,1,2,1,2,0,8,413,42,0,19,17,1,1,2,1,2,0,8,91,81,10,4,0,217,14,156,0,12,0,0.028112449799196783,2,2005-05-26 08:31:09,1117096269,5,7,23,46
4832,15,30,506,11,11,0,408,0.298,427,39,0,14,6,7,6,1,0,0,0,6,427,39,0,14,6,7,6,1,0,0,0,11,77,69,8,4,6,235,0,130,0,6,0,0.0,0,2005-05-26 08:32:09,1117096329,7,7,5,10
4833,19,32,822,8,19,0,706,0.3223844282238443,720,15,1,67,2,4,8,0,0,1,4,10,720,15,1,67,2,4,8,0,0,1,4,1,108,95,13,7,0,244,8,210,0,8,0,0.0097323600973236,2,2005-05-26 08:33:09,1117096389,4,10,28,56
4834,14,11,412,4,17,0,358,0.2451456310679612,367,21,0,16,2,0,2,1,1,1,0,11,367,21,0,16,2,0,2,1,1,1,0,0,51,42,9,3,0,195,1,106,0,8,0,0.0024271844660194173,1,2005-05-26 08:34:09,1117096449,4,8,8,16
4835,12,10,398,5,15,0,354,0.25125628140703515,364,15,0,6,6,0,3,0,1,1,0,13,364,15,0,6,6,0,3,0,1,1,0,2,39,31,8,3,0,192,5,126,0,4,0,0.01256281407035176,1,2005-05-26 08:35:09,1117096509,5,9,30,60
4836,26,22,494,4,18,0,414,0.4673469387755102,432,10,0,11,6,6,13,8,0,0,2,12,432,10,0,11,6,6,13,8,0,0,2,11,61,54,7,4,4,217,26,138,0,8,1,0.05263157894736842,2,2005-05-26 08:36:09,1117096569,4,8,3,6
4837,18,21,792,6,22,0,689,0.2487373737373737,709,43,0,7,13,6,12,1,0,0,0,11,709,43,0,7,13,6,12,1,0,0,0,9,62,51,11,32,0,233,42,218,0,10,6,0.05303030303030303,2,2005-05-26 08:37:09,1117096629,6,10,43,86
4838,9,10,468,4,17,0,396,0.297008547008547,405,33,0,8,13,1,1,7,0,0,0,6,405,33,0,8,13,1,1,7,0,0,0,2,69,62,7,1,0,228,26,134,0,6,5,0.05555555555555555,1,2005-05-26 08:38:09,1117096689,4,6,2,4
4839,18,19,418,6,11,0,360,0.434052757793765,369,10,2,11,7,5,4,3,0,4,2,10,369,10,2,11,7,5,4,3,0,4,2,0,42,33,9,15,1,196,3,122,0,8,1,0.0071770334928229675,1,2005-05-26 08:39:09,1117096749,6,7,13,26
4840,11,23,434,4,12,0,373,0.29723502304147464,392,5,0,15,9,4,6,1,1,1,0,8,392,5,0,15,9,4,6,1,1,1,0,11,46,38,8,4,0,203,0,134,0,8,3,0.0,0,2005-05-26 08:40:09,1117096809,4,9,7,14
4841,30,9,136,5,17,0,73,1.1343283582089552,78,16,0,10,16,2,12,0,0,0,0,5,78,16,0,10,16,2,12,0,0,0,0,2,54,51,3,5,2,47,2,76,0,4,2,0.014705882352941175,1,2005-05-26 08:41:09,1117096869,5,10,11,22
4842,13,8,426,4,19,0,368,0.1784037558685446,390,16,0,8,9,1,1,0,0,1,0,8,390,16,0,8,9,1,1,0,0,1,0,13,43,34,9,2,0,196,0,116,0,8,1,0.0,0,2005-05-26 08:42:09,1117096929,4,8,18,36
4843,18,8,410,4,17,0,363,0.16585365853658535,370,20,0,17,2,0,0,0,0,1,0,8,370,20,0,17,2,0,0,0,0,1,0,1,43,37,6,3,0,192,0,122,0,8,0,0.0,0,2005-05-26 08:43:09,1117096989,4,8,2,4
4844,52,24,908,8,19,0,754,0.2973568281938326,775,44,0,69,6,3,10,0,0,1,0,8,775,44,0,69,6,3,10,0,0,1,0,11,138,128,10,5,0,255,4,232,0,8,0,0.004405286343612335,1,2005-05-26 08:44:09,1117097049,4,7,23,46
4845,13,40,490,5,17,0,400,0.3775510204081632,412,44,0,10,14,0,0,2,0,5,3,9,412,44,0,10,14,0,0,2,0,5,3,2,75,65,10,13,0,234,12,158,0,8,0,0.024489795918367342,1,2005-05-26 08:45:09,1117097109,5,7,2,4
4846,7,4,480,5,19,0,396,0.21458333333333326,406,58,0,10,3,2,0,0,0,1,0,8,406,58,0,10,3,2,0,0,0,1,0,2,74,66,8,8,0,226,15,138,0,8,0,0.03125,1,2005-05-26 08:46:09,1117097169,5,8,14,28
4847,51,7,496,6,17,0,397,0.5060483870967742,421,13,0,27,8,0,9,12,5,1,0,8,421,13,0,27,8,0,9,12,5,1,0,12,86,74,12,1,0,231,8,148,0,8,2,0.016129032258064516,1,2005-05-26 08:47:09,1117097229,6,10,5,10
4848,32,50,588,5,19,0,438,0.5952380952380952,452,46,0,46,16,0,16,6,0,6,0,8,452,46,0,46,16,0,16,6,0,6,0,2,147,135,12,1,0,248,2,184,0,12,2,0.003401360544217687,1,2005-05-26 08:48:09,1117097289,5,11,12,24
4849,13,26,422,13,16,0,364,0.3838862559241705,375,13,0,17,1,0,0,12,0,0,2,11,375,13,0,17,1,0,0,12,0,0,2,2,45,36,9,11,0,200,0,116,0,2,0,0.0,0,2005-05-26 08:49:09,1117097349,7,9,25,50
4850,31,26,752,4,17,0,660,0.4055851063829787,678,13,0,10,12,8,9,3,11,8,0,8,678,13,0,10,12,8,9,3,11,8,0,10,72,64,8,10,0,216,8,182,0,14,6,0.010638297872340424,1,2005-05-26 08:50:09,1117097409,4,10,28,56
4851,14,29,492,14,29,0,397,0.5772357723577236,419,23,1,25,10,2,0,1,0,5,1,24,419,23,1,25,10,2,0,1,0,5,1,12,68,58,10,15,0,238,0,154,0,8,4,0.0,0,2005-05-26 08:51:09,1117097469,8,12,15,30
4852,74,46,818,8,18,0,603,0.7277227722772277,620,57,1,40,28,23,21,4,1,9,0,16,620,57,1,40,28,23,21,4,1,9,0,2,168,153,15,35,10,280,4,274,0,22,5,0.004889975550122249,1,2005-05-26 08:52:09,1117097529,6,10,10,20
4853,20,68,616,9,12,0,465,0.6574675324675324,474,56,0,11,5,54,9,2,1,4,0,8,474,56,0,11,5,54,9,2,1,4,0,2,133,126,7,16,0,283,10,162,0,8,0,0.016233766233766232,1,2005-05-26 08:53:09,1117097589,5,7,33,66
4854,18,24,444,4,17,0,376,0.25225225225225223,387,32,0,14,5,0,0,5,1,0,0,7,387,32,0,14,5,0,0,5,1,0,0,2,61,52,9,5,0,202,0,124,0,6,0,0.0,0,2005-05-26 08:54:09,1117097649,4,6,16,32
4855,21,15,442,4,18,0,362,0.3235294117647059,379,14,0,41,3,0,0,1,0,4,0,8,379,14,0,41,3,0,0,1,0,4,0,11,67,61,6,2,0,199,0,106,2,8,15,0.0,0,2005-05-26 08:55:09,1117097709,4,6,36,72
4856,5,8,392,4,17,0,346,0.12244897959183673,365,14,0,5,8,0,0,0,0,0,0,3,365,14,0,5,8,0,0,0,0,0,0,8,31,20,11,7,0,177,0,94,0,10,7,0.0,0,2005-05-26 08:56:09,1117097769,4,6,19,38
4857,388,443,3658,9,17,0,2120,0.9245489338436303,2163,613,1,370,307,76,43,27,49,7,2,10,2163,613,1,370,307,76,43,27,49,7,2,6,1497,1460,37,35,0,1570,8,1104,0,30,66,0.002186987424822307,1,2005-05-26 08:57:09,1117097829,4,7,15,30
4858,36,56,1074,6,17,0,712,0.5260707635009311,738,253,0,30,16,3,12,22,0,0,0,6,738,253,0,30,16,3,12,22,0,0,0,12,349,335,14,1,0,510,0,234,4,14,8,0.0,0,2005-05-26 08:58:09,1117097889,4,7,20,40
4859,56,16,986,5,19,0,645,0.5314401622718052,658,267,0,17,8,5,10,19,1,1,0,8,658,267,0,17,8,5,10,19,1,1,0,1,334,322,12,6,0,475,8,268,0,4,8,0.008113590263691683,2,2005-05-26 08:59:09,1117097949,5,7,3,6
4860,6,7,374,4,17,0,339,0.20855614973262032,346,8,0,11,1,2,1,4,0,1,0,8,346,8,0,11,1,2,1,4,0,1,0,1,31,25,6,3,0,182,0,94,0,8,7,0.0,0,2005-05-26 09:00:09,1117098009,4,11,6,12
4861,40,15,536,5,19,0,457,0.251865671641791,471,14,0,44,1,3,2,0,0,1,0,8,471,14,0,44,1,3,2,0,0,1,0,1,73,60,13,5,0,212,35,170,0,8,0,0.06529850746268656,2,2005-05-26 09:01:09,1117098069,4,6,24,48
4862,18,26,528,4,17,0,429,0.3301707779886148,455,25,0,26,3,5,12,0,0,1,0,8,455,25,0,26,3,5,12,0,0,1,0,22,63,59,4,13,1,235,10,144,0,10,1,0.01893939393939394,2,2005-05-26 09:02:09,1117098129,4,6,14,28
4863,14,17,748,7,18,0,681,0.14705882352941174,700,22,0,10,6,5,2,1,2,0,0,7,700,22,0,10,6,5,2,1,2,0,0,4,56,41,15,7,0,192,4,200,0,12,0,0.005333333333333333,2,2005-05-26 09:03:09,1117098189,7,7,11,22
4864,17,8,396,3,11,0,356,0.25,362,15,0,6,4,0,3,2,0,3,1,9,362,15,0,6,4,0,3,2,0,3,1,0,35,29,6,5,0,186,0,112,0,4,0,0.0,0,2005-05-26 09:04:09,1117098249,3,8,5,10
4865,10,6,380,5,17,0,353,0.14511873350923482,358,8,0,9,2,0,0,0,1,0,0,16,358,8,0,9,2,0,0,0,1,0,0,1,20,16,4,5,1,185,1,112,0,4,0,0.002631578947368421,1,2005-05-26 09:05:09,1117098309,5,10,22,44
4866,24,16,550,6,18,0,470,0.35818181818181816,494,22,4,10,6,3,2,3,1,2,1,13,494,22,4,10,6,3,2,3,1,2,1,17,54,47,7,9,0,228,8,160,0,10,0,0.014545454545454544,1,2005-05-26 09:06:09,1117098369,5,9,13,26
4867,13,13,416,4,17,0,363,0.2692307692307692,373,17,1,9,3,7,6,0,0,0,0,10,373,17,1,9,3,7,6,0,0,0,0,3,47,40,7,3,0,196,4,122,0,10,0,0.009615384615384616,1,2005-05-26 09:07:09,1117098429,4,7,13,26
4868,56,34,842,7,18,0,717,0.3503562945368171,733,41,0,30,6,4,15,6,7,0,0,7,733,41,0,30,6,4,15,6,7,0,0,2,111,97,14,12,0,232,18,216,0,6,0,0.021377672209026127,1,2005-05-26 09:08:09,1117098489,7,7,22,44
4869,16,14,520,7,17,0,422,0.2826923076923077,456,24,0,26,2,2,8,0,0,1,1,9,456,24,0,26,2,2,8,0,0,1,1,28,65,59,6,5,0,232,6,138,0,10,0,0.01153846153846154,1,2005-05-26 09:09:09,1117098549,7,9,1,2
4870,29,25,474,4,18,0,390,0.4050632911392405,397,23,4,36,4,5,5,0,0,0,0,10,397,23,4,36,4,5,5,0,0,0,0,1,60,54,6,23,0,220,6,114,0,6,0,0.012658227848101266,1,2005-05-26 09:10:09,1117098609,4,7,3,6
4871,21,23,468,4,17,0,380,0.3504273504273504,397,38,0,11,3,3,15,0,0,1,0,8,397,38,0,11,3,3,15,0,0,1,0,7,76,66,10,5,0,209,2,128,0,12,21,0.004273504273504274,1,2005-05-26 09:11:09,1117098669,4,7,14,28
4872,10,12,394,4,19,0,344,0.19796954314720813,359,16,0,5,9,3,1,0,0,1,0,8,359,16,0,5,9,3,1,0,0,1,0,9,35,29,6,6,0,185,0,102,0,10,1,0.0,0,2005-05-26 09:12:09,1117098729,4,7,27,54
4873,47,11,490,4,17,0,393,0.4673469387755102,414,17,0,25,12,4,12,2,1,1,0,12,414,17,0,25,12,4,12,2,1,1,0,11,81,71,10,5,0,239,28,146,0,6,0,0.057142857142857134,2,2005-05-26 09:13:09,1117098789,4,7,35,70
4874,9,30,412,19,19,0,360,0.2451456310679612,367,10,0,25,5,2,2,0,0,1,0,8,367,10,0,25,5,2,2,0,0,1,0,1,49,43,6,2,0,198,2,110,0,10,0,0.0048543689320388345,1,2005-05-26 09:14:09,1117098849,5,6,15,30
4875,102,57,948,4,18,0,766,0.4957805907172996,778,76,0,26,20,3,16,14,14,1,0,8,778,76,0,26,20,3,16,14,14,1,0,2,159,149,10,21,0,304,2,168,0,6,0,0.002109704641350211,1,2005-05-26 09:15:09,1117098909,4,8,5,10
4876,83,104,772,4,19,0,538,0.9494163424124512,548,46,0,40,23,41,69,2,0,2,0,8,548,46,0,40,23,41,69,2,0,2,0,1,228,219,9,4,1,285,0,130,0,6,7,0.0,0,2005-05-26 09:16:09,1117098969,4,6,13,26
4877,24,10,458,6,11,0,385,0.30131004366812225,403,19,0,20,4,0,9,0,2,1,0,8,403,19,0,20,4,0,9,0,2,1,0,12,55,49,6,6,0,213,1,128,0,8,7,0.002183406113537118,1,2005-05-26 09:17:09,1117099029,5,7,26,52
4878,8,16,698,4,17,0,636,0.17908309455587393,650,24,0,7,9,1,2,0,2,1,0,12,650,24,0,7,9,1,2,0,2,1,0,2,54,42,12,6,0,194,1,180,0,10,0,0.0014326647564469914,1,2005-05-26 09:18:09,1117099089,4,9,7,14
4879,7,7,354,4,18,0,320,0.1497175141242938,330,12,0,7,1,2,0,0,0,2,0,8,330,12,0,7,1,2,0,0,0,2,0,4,30,24,6,0,0,169,2,92,0,10,0,0.005649717514124294,1,2005-05-26 09:19:09,1117099149,4,9,14,28
4880,26,4,554,7,12,0,496,0.14620938628158844,512,26,0,5,4,5,0,1,1,0,0,7,512,26,0,5,4,5,0,1,1,0,0,8,48,40,8,2,0,261,4,150,0,16,0,0.007220216606498195,1,2005-05-26 09:20:09,1117099209,7,8,15,30
4881,7,49,484,4,11,0,399,0.243801652892562,422,35,0,14,4,7,0,0,1,1,0,8,422,35,0,14,4,7,0,0,1,1,0,17,52,46,6,16,0,235,0,122,0,8,0,0.0,0,2005-05-26 09:21:09,1117099269,4,7,5,10
4882,11,9,182,10,17,0,106,0.4175824175824176,129,35,0,14,3,1,0,0,0,0,0,4,129,35,0,14,3,1,0,0,0,0,0,19,51,47,4,6,0,60,2,76,0,10,0,0.01098901098901099,1,2005-05-26 09:22:09,1117099329,6,7,3,6
4883,17,101,1382,4,17,0,991,0.25485008818342153,1007,16,0,97,3,0,2,3,6,0,0,7,1007,16,0,97,3,0,2,3,6,0,0,0,140,124,16,3,248,523,6,190,0,8,66,0.004341534008683068,1,2005-05-26 09:23:09,1117099389,4,10,17,34
4884,7,11,388,4,17,0,349,0.14432989690721648,365,9,0,6,3,2,2,0,0,1,0,8,365,9,0,6,3,2,2,0,0,1,0,4,33,21,12,2,0,185,10,120,0,6,1,0.02577319587628866,2,2005-05-26 09:24:09,1117099449,4,8,6,12
4885,16,14,510,14,14,0,429,0.2607843137254902,463,20,0,7,5,3,7,2,0,2,1,9,463,20,0,7,5,3,7,2,0,2,1,27,34,28,6,20,0,226,29,144,0,4,0,0.056862745098039215,2,2005-05-26 09:25:09,1117099509,9,9,17,34
4886,17,18,436,4,19,0,374,0.3302752293577982,393,10,0,13,4,6,3,0,0,6,1,9,393,10,0,13,4,6,3,0,0,6,1,9,50,40,10,3,0,192,1,124,0,12,0,0.0022935779816513767,1,2005-05-26 09:26:09,1117099569,4,8,2,4
4887,15,10,388,4,11,0,339,0.19638242894056848,346,21,0,15,2,0,0,2,1,0,0,7,346,21,0,15,2,0,0,2,1,0,0,1,47,41,6,0,1,187,0,108,0,6,1,0.0,0,2005-05-26 09:27:09,1117099629,4,8,33,66
4888,15,10,474,4,17,0,415,0.15611814345991562,429,21,0,20,3,1,0,0,0,0,0,4,429,21,0,20,3,1,0,0,0,0,0,10,44,40,4,5,0,219,2,130,0,12,0,0.004219409282700422,1,2005-05-26 09:28:09,1117099689,4,9,4,8
4889,378,54,1860,4,14,0,1236,0.8833333333333333,1268,92,0,51,387,47,5,5,1,2,0,11,1268,92,0,51,387,47,5,5,1,2,0,14,598,580,18,12,0,744,0,314,0,22,76,0.0,0,2005-05-26 09:29:09,1117099749,4,6,32,64
4890,7,360,1122,4,17,0,714,0.9126559714795008,728,78,0,37,260,3,16,0,0,0,0,5,728,78,0,37,260,3,16,0,0,0,0,2,401,389,12,5,0,555,0,132,0,12,72,0.0,0,2005-05-26 09:30:09,1117099809,4,7,27,54
4891,14,36,514,7,11,0,406,0.2918287937743191,448,22,0,19,10,15,0,0,0,0,0,4,448,22,0,19,10,15,0,0,0,0,0,29,52,39,13,27,0,241,0,150,0,6,0,0.0,0,2005-05-26 09:31:09,1117099869,4,5,14,28
4892,22,16,566,3,11,0,442,0.5008849557522124,463,18,0,13,54,14,1,0,0,2,0,8,463,18,0,13,54,14,1,0,0,2,0,10,108,97,11,5,1,272,2,164,0,10,4,0.00353356890459364,1,2005-05-26 09:32:09,1117099929,3,8,4,8
4893,26,12,586,4,17,0,457,0.6006825938566553,467,15,0,13,67,17,3,1,3,0,0,7,467,15,0,13,67,17,3,1,3,0,0,3,121,114,7,5,0,275,4,176,0,14,1,0.006825938566552901,1,2005-05-26 09:33:09,1117099989,4,7,5,10
4894,44,18,762,6,18,0,678,0.1837270341207349,692,40,0,15,5,5,0,2,2,0,1,9,692,40,0,15,5,5,0,2,2,0,1,1,79,66,13,4,0,218,0,174,0,12,3,0.0,0,2005-05-26 09:34:09,1117100049,5,6,4,8
4895,9,15,384,6,17,0,351,0.16971279373368145,356,7,0,11,3,3,3,0,0,0,0,5,356,7,0,11,3,3,3,0,0,0,0,1,26,22,4,5,1,178,8,118,0,6,0,0.02083333333333333,1,2005-05-26 09:35:09,1117100109,5,6,36,72
4896,380,19,1406,11,18,0,862,0.4657142857142857,902,450,0,16,8,1,11,9,0,0,1,12,902,450,0,16,8,1,11,9,0,0,1,31,496,487,9,11,6,578,3,164,2,14,316,0.0021337126600284497,1,2005-05-26 09:36:09,1117100169,5,6,308,616
4897,11,13,442,6,17,0,380,0.18099547511312214,394,29,0,11,6,0,1,1,0,0,0,6,394,29,0,11,6,0,1,1,0,0,0,6,37,29,8,19,0,204,6,118,0,12,4,0.013574660633484163,1,2005-05-26 09:37:09,1117100229,6,6,2,4
4898,39,12,514,7,19,0,411,0.4814814814814815,427,25,0,25,6,1,26,2,0,1,0,8,427,25,0,25,6,1,26,2,0,1,0,2,90,76,14,10,1,244,5,120,0,8,1,0.009727626459143969,1,2005-05-26 09:38:09,1117100289,7,7,10,20
4899,15,48,546,6,17,0,422,0.4175824175824176,437,41,1,42,19,2,1,0,1,2,0,10,437,41,1,42,19,2,1,0,1,2,0,1,78,64,14,45,0,241,0,160,0,8,1,0.0,0,2005-05-26 09:39:09,1117100349,4,8,17,34
4900,16,36,494,4,16,0,405,0.4089068825910931,425,11,0,25,23,4,0,0,0,0,5,11,425,11,0,25,23,4,0,0,0,0,5,12,71,63,8,6,0,239,0,138,0,4,0,0.0,0,2005-05-26 09:40:09,1117100409,4,7,5,10
4901,47,37,548,7,18,0,437,0.4142335766423358,451,28,0,43,4,17,4,0,0,0,0,13,451,28,0,43,4,17,4,0,0,0,0,2,108,96,12,1,0,260,23,172,0,8,0,0.041970802919708027,1,2005-05-26 09:41:09,1117100469,7,7,23,46
4902,37,29,562,4,17,0,459,0.5782918149466192,472,22,2,21,8,15,10,1,0,0,10,11,472,22,2,21,8,15,10,1,0,0,10,4,89,80,9,10,0,234,4,140,0,8,1,0.007117437722419929,1,2005-05-26 09:42:09,1117100529,4,10,10,20
4903,58,7,688,8,19,0,607,0.18459302325581395,617,52,0,5,2,4,7,0,0,1,0,8,617,52,0,5,2,4,7,0,0,1,0,5,65,60,5,11,0,243,0,134,0,4,0,0.0,0,2005-05-26 09:43:09,1117100589,7,7,88,176
4904,29,44,1638,4,19,0,1100,0.3901098901098901,1189,354,0,40,37,4,10,2,0,2,0,8,1189,354,0,40,37,4,10,2,0,2,0,22,512,445,67,4,0,618,9,524,2,14,9,0.005494505494505495,1,2005-05-26 09:44:09,1117100649,4,10,11,22
4905,18,10,1286,7,17,0,729,0.374805598755832,874,378,0,20,3,3,7,0,0,1,0,8,874,378,0,20,3,3,7,0,0,1,0,1,554,410,144,2,0,623,0,444,4,8,0,0.0,0,2005-05-26 09:45:09,1117100709,7,7,9,18
4906,18,14,536,4,12,0,429,0.33084112149532713,438,63,0,18,6,2,0,5,2,1,0,8,438,63,0,18,6,2,0,5,2,1,0,2,97,90,7,7,1,248,12,166,0,8,3,0.022388059701492536,1,2005-05-26 09:46:09,1117100769,4,8,23,46
4907,37,52,496,10,18,0,318,0.5625,331,77,0,78,3,0,6,0,1,0,0,7,331,77,0,78,3,0,6,0,1,0,0,1,130,118,12,47,0,149,1,108,0,6,1,0.0020161290322580645,1,2005-05-26 09:47:09,1117100829,6,8,14,28
4908,3,32,584,4,17,0,439,0.2226027397260274,474,103,0,1,2,1,3,0,0,0,0,5,474,103,0,1,2,1,3,0,0,0,0,22,120,107,13,3,0,277,7,118,0,12,1,0.011986301369863013,1,2005-05-26 09:48:09,1117100889,4,8,3,6
4909,21,7,464,4,18,0,385,0.27801724137931033,395,35,0,15,15,1,3,0,0,0,0,5,395,35,0,15,15,1,3,0,0,0,0,6,50,46,4,23,0,223,2,110,0,4,0,0.004310344827586207,1,2005-05-26 09:49:09,1117100949,4,6,3,6
4910,6,14,470,4,19,0,398,0.22863247863247865,407,33,0,21,4,1,0,0,0,2,0,8,407,33,0,21,4,1,0,0,0,2,0,2,58,51,7,10,2,219,3,130,0,10,1,0.006382978723404255,1,2005-05-26 09:50:09,1117101009,4,6,48,96
4911,13,35,482,3,13,0,401,0.4937759336099585,420,5,2,21,21,0,0,3,0,0,10,10,420,5,2,21,21,0,0,3,0,0,10,11,60,52,8,10,0,221,10,130,2,6,9,0.020746887966804982,1,2005-05-26 09:51:09,1117101069,3,6,8,16
4912,46,18,996,4,19,0,846,0.22535211267605634,867,71,0,39,7,2,6,0,0,2,0,8,867,71,0,39,7,2,6,0,0,2,0,4,141,124,17,3,2,310,9,224,2,18,10,0.009036144578313251,1,2005-05-26 09:52:09,1117101129,4,6,61,122
4913,20,16,564,5,19,0,493,0.18617021276595744,522,16,1,15,5,1,2,0,0,1,0,12,522,16,1,15,5,1,2,0,0,1,0,19,42,33,9,10,0,270,0,160,0,14,0,0.0,0,2005-05-26 09:53:09,1117101189,5,8,5,10
4914,8,11,386,4,17,0,352,0.21243523316062174,361,4,0,10,4,1,2,2,0,1,0,12,361,4,0,10,4,1,2,2,0,1,0,1,29,21,8,4,0,180,0,102,0,10,1,0.0,0,2005-05-26 09:54:09,1117101249,4,10,22,44
4915,26,3,650,4,19,0,592,0.10153846153846154,611,20,0,16,2,0,0,0,0,1,0,8,611,20,0,16,2,0,0,0,0,1,0,10,46,37,9,2,0,191,0,130,0,6,1,0.0,0,2005-05-26 09:55:09,1117101309,4,7,13,26
4916,30,10,508,4,12,0,424,0.23228346456692914,445,20,0,36,4,2,0,1,0,0,0,6,445,20,0,36,4,2,0,1,0,0,0,12,67,58,9,5,0,212,0,144,0,8,3,0.0,0,2005-05-26 09:56:09,1117101369,4,6,7,14
4917,18,47,664,5,17,0,473,0.4036144578313253,482,117,0,59,3,1,0,0,0,1,0,12,482,117,0,59,3,1,0,0,0,1,0,2,144,137,7,45,0,255,8,140,0,6,1,0.012048192771084338,2,2005-05-26 09:57:09,1117101429,5,9,39,78
4918,7,18,458,6,16,0,393,0.17920353982300885,418,11,0,11,5,2,5,0,0,0,0,5,418,11,0,11,5,2,5,0,0,0,0,9,41,25,16,9,6,204,4,124,0,10,1,0.008733624454148471,1,2005-05-26 09:58:09,1117101489,6,8,24,48
